Training began at: 2018-01-01
Training completed at: 
A2C algorithm
Number of Products 6
State Setting: INV_BALANCE_PRODUCTION
Reward function: OTD1
Planning Time Horizon = 7
Random seed: 
==============================================================================
Episode Results: 
total_reward	on_time	late	not_shipped	
0.299732	0.276760	0.463938	0.259302	0.359412	0.343446	0.246709	0.409845	0.372991	0.358615	0.174013	0.467373	0.287745	0.282198	0.208930	0.508872	0.443794	0.425301	0.200057	0.374642	0.394622	0.380939	0.219805	0.399256	0.365366	0.358042	0.208357	0.433600	0.302169	0.295650	0.224098	0.480252	0.320053	0.337149	0.169433	0.493417	0.357385	0.342873	0.216657	0.440469	0.220272	0.227533	0.180023	0.592444	0.206707	0.212078	0.187178	0.600744	0.332226	0.330567	0.235260	0.434173	0.285201	0.281626	0.210647	0.507728	0.261147	0.253291	0.293646	0.453062	0.224513	0.233829	0.128792	0.637378	0.292230	0.288781	0.240698	0.470521	0.268978	0.262164	0.292788	0.445049	0.276541	0.273326	0.264740	0.461935	0.272117	0.263022	0.300515	0.436463	0.297839	0.293646	0.068689	0.637665	0.264694	0.269319	0.085289	0.645392	0.239892	0.248426	0.085861	0.665713	0.241462	0.251860	0.102175	0.645965	0.283000	0.286491	0.087006	0.626503	0.210506	0.214081	0.266171	0.519748	0.253904	0.266743	0.047224	0.686033	0.235650	0.246709	0.083572	0.669720	0.178325	0.179737	0.214367	0.605896	0.206022	0.215226	0.179164	0.605610	0.195620	0.198054	0.073841	0.728105	0.166192	0.165426	0.051803	0.782770	0.163648	0.166857	0.034058	0.799084	0.176002	0.170006	0.042072	0.787922	0.178293	0.174871	0.018317	0.806812	0.174523	0.173726	0.012307	0.813967	0.185012	0.183171	0.052662	0.764167	0.177385	0.181740	0.008014	0.810246	0.158013	0.164854	0.038638	0.796508	0.165744	0.162851	0.025472	0.811677	0.160377	0.163423	0.007728	0.828849	0.179545	0.178592	0.006297	0.815112	0.186205	0.186319	0.028620	0.785060	0.171232	0.174299	0.028907	0.796795	0.176247	0.171437	0.008872	0.819691	0.180635	0.185175	0.019462	0.795363	0.184297	0.182599	0.005438	0.811963	0.185700	0.184888	0.043789	0.771322	0.175082	0.175730	0.011734	0.812536	0.164684	0.168288	0.008300	0.823412	0.175151	0.176875	0.009159	0.813967	0.163928	0.168575	0.008872	0.822553	0.168420	0.169147	0.006010	0.824843	0.159550	0.157985	0.010017	0.831998	0.169208	0.167430	0.004865	0.827705	0.161724	0.163137	0.005724	0.831139	0.160990	0.161992	0.012021	0.825987	0.161219	0.163709	0.006010	0.830280	0.168672	0.166571	0.006583	0.826846	0.187987	0.182026	0.018603	0.799370	