Training began at: 2018-01-01
Training completed at: 
A2C algorithm
Number of Products 4
State Setting: INVENTORY
Reward function: VALUE_ADD
Planning Time Horizon = 7
Random seed: 
==============================================================================
Episode Results: 
total_reward	on_time	late	not_shipped	
30788.240477	0.542234	0.446866	0.010899	121369.352148	0.604905	0.389646	0.005450	-36717.152741	0.542234	0.449591	0.008174	173728.015902	0.577657	0.416894	0.005450	85771.043058	0.651226	0.337875	0.010899	91061.039592	0.632153	0.335150	0.032698	290650.026563	0.841962	0.158038	0.000000	140778.775943	0.648501	0.337875	0.013624	161417.885040	0.547684	0.441417	0.010899	20279.451169	0.542234	0.457766	0.000000	290580.703549	0.869210	0.130790	0.000000	106368.052246	0.555858	0.435967	0.008174	288178.467239	0.855586	0.136240	0.008174	191168.134636	0.651226	0.324251	0.024523	-142653.928625	0.474114	0.520436	0.005450	-38002.037109	0.523161	0.474114	0.002725	134586.206227	0.610354	0.367847	0.021798	-199883.039771	0.474114	0.525886	0.000000	141072.318353	0.735695	0.237057	0.027248	-75524.372121	0.566757	0.329700	0.103542	203326.008432	0.822888	0.122616	0.054496	107685.982081	0.539510	0.449591	0.010899	-152590.146680	0.504087	0.474114	0.021798	70629.114866	0.659401	0.335150	0.005450	-292993.303687	0.468665	0.525886	0.005450	191472.928483	0.719346	0.275204	0.005450	-489340.035660	0.403270	0.588556	0.008174	102146.542571	0.525886	0.463215	0.010899	174852.907626	0.681199	0.307902	0.010899	-24565.907995	0.591281	0.343324	0.065395	-19340.691976	0.501362	0.471390	0.027248	55367.458520	0.520436	0.479564	0.000000	205964.380614	0.675749	0.321526	0.002725	289091.047657	0.844687	0.144414	0.010899	-51748.404976	0.553134	0.446866	0.000000	121850.322320	0.558583	0.416894	0.024523	-62595.055444	0.449591	0.520436	0.029973	103762.124482	0.591281	0.403270	0.005450	103946.673647	0.564033	0.419619	0.016349	-648.438668	0.514986	0.457766	0.027248	266814.830778	0.773842	0.212534	0.013624	250801.318255	0.730245	0.258856	0.010899	188652.831054	0.722071	0.242507	0.035422	-69420.585639	0.463215	0.534060	0.002725	-379831.020101	0.463215	0.523161	0.013624	263576.661088	0.760218	0.231608	0.008174	223212.622241	0.651226	0.343324	0.005450	296947.239086	0.896458	0.092643	0.010899	-144044.460982	0.523161	0.471390	0.005450	153692.677018	0.697548	0.294278	0.008174	86144.240225	0.591281	0.400545	0.008174	-41706.117082	0.474114	0.512262	0.013624	261550.954833	0.817439	0.174387	0.008174	91304.577245	0.806540	0.106267	0.087193	231342.379367	0.689373	0.305177	0.005450	-674945.930482	0.414169	0.577657	0.008174	221116.914164	0.768392	0.226158	0.005450	144562.333500	0.613079	0.381471	0.005450	88474.109877	0.675749	0.318801	0.005450	-2159.577238	0.476839	0.446866	0.076294	219949.779395	0.752044	0.242507	0.005450	205576.487592	0.743869	0.234332	0.021798	3099.275477	0.558583	0.397820	0.043597	233159.996032	0.727520	0.253406	0.019074	-364118.212317	0.523161	0.465940	0.010899	124103.074469	0.569482	0.419619	0.010899	116298.482309	0.534060	0.449591	0.016349	141393.615610	0.678474	0.316076	0.005450	137538.653277	0.602180	0.386921	0.010899	-112341.966729	0.506812	0.476839	0.016349	-228151.913948	0.542234	0.449591	0.008174	22743.190912	0.572207	0.419619	0.008174	253270.690598	0.787466	0.193460	0.019074	169675.931386	0.539510	0.425068	0.035422	-129965.220815	0.525886	0.463215	0.010899	-18327.517736	0.547684	0.403270	0.049046	192273.648631	0.689373	0.305177	0.005450	-504602.794460	0.452316	0.536785	0.010899	187890.170475	0.716621	0.267030	0.016349	12433.218621	0.463215	0.490463	0.046322	-139123.883336	0.534060	0.460490	0.005450	257112.864573	0.730245	0.256131	0.013624	72828.169362	0.577657	0.416894	0.005450	137827.729255	0.643052	0.354223	0.002725	154288.349723	0.659401	0.332425	0.008174	-63057.036768	0.504087	0.430518	0.065395	188318.875157	0.686649	0.264305	0.049046	237644.142225	0.762943	0.231608	0.005450	67184.919154	0.534060	0.444142	0.021798	22573.401508	0.506812	0.455041	0.038147	160802.957051	0.621253	0.373297	0.005450	-24710.178486	0.585831	0.408719	0.005450	40424.576758	0.602180	0.389646	0.008174	-171635.379195	0.493188	0.487738	0.019074	77646.176895	0.656676	0.277929	0.065395	118614.322091	0.648501	0.337875	0.013624	-108008.926076	0.498638	0.493188	0.008174	-56099.373109	0.566757	0.425068	0.008174	-527479.604166	0.435967	0.555858	0.008174	-255170.383328	0.504087	0.485014	0.010899	-177813.625989	0.659401	0.245232	0.095368	-32673.054516	0.528610	0.463215	0.008174	266480.401170	0.795640	0.193460	0.010899	78537.579979	0.561308	0.427793	0.010899	-454399.425987	0.471390	0.523161	0.005450	-55546.844855	0.550409	0.446866	0.002725	99161.314354	0.534060	0.457766	0.008174	148983.643426	0.555858	0.435967	0.008174	-2064.742544	0.517711	0.457766	0.024523	-385140.759162	0.416894	0.574932	0.008174	-47774.194946	0.487738	0.509537	0.002725	-115314.981015	0.487738	0.506812	0.005450	231444.607884	0.670300	0.316076	0.013624	-218488.673212	0.452316	0.539510	0.008174	291779.270111	0.874659	0.122616	0.002725	-94191.044606	0.531335	0.381471	0.087193	-243397.040653	0.517711	0.476839	0.005450	-41652.448938	0.479564	0.517711	0.002725	268162.167528	0.822888	0.155313	0.021798	-287200.751034	0.495913	0.498638	0.005450	-289898.314063	0.425068	0.569482	0.005450	70862.092293	0.539510	0.452316	0.008174	91201.174860	0.591281	0.400545	0.008174	46202.708445	0.490463	0.501362	0.008174	-196657.853480	0.564033	0.329700	0.106267	-527183.452072	0.465940	0.525886	0.008174	150452.344972	0.656676	0.337875	0.005450	264881.955579	0.732970	0.258856	0.008174	-807735.566161	0.645777	0.059946	0.294278	-357644.165247	0.722071	0.068120	0.209809	-674596.726717	0.653951	0.068120	0.277929	-239351.930607	0.730245	0.092643	0.177112	-212499.870475	0.741144	0.095368	0.163488	-104747.739868	0.599455	0.237057	0.163488	-507453.894285	0.659401	0.103542	0.237057	-480306.951193	0.659401	0.103542	0.237057	-283436.916740	0.653951	0.155313	0.190736	-456395.752153	0.719346	0.054496	0.226158	-496871.302934	0.618529	0.133515	0.247956	-254839.661685	0.610354	0.242507	0.147139	-617222.742921	0.648501	0.092643	0.258856	-265849.201431	0.713896	0.125341	0.160763	-639740.525981	0.645777	0.092643	0.261580	-352522.596375	0.662125	0.130790	0.207084	-429023.534576	0.645777	0.133515	0.220708	-162043.842134	0.765668	0.084469	0.149864	-445691.561643	0.664850	0.111717	0.223433	-303653.280096	0.681199	0.136240	0.182561	-468146.968342	0.629428	0.136240	0.234332	-523032.790839	0.648501	0.117166	0.234332	-16977.807119	0.749319	0.122616	0.128065	-715440.036036	0.621253	0.095368	0.283379	-477862.347739	0.692098	0.070845	0.237057	-668478.446800	0.626703	0.095368	0.277929	-843726.390737	0.634877	0.032698	0.332425	-450345.799498	0.681199	0.106267	0.212534	-795541.679313	0.594005	0.103542	0.302452	-726210.477141	0.673025	0.049046	0.277929	-688209.139678	0.659401	0.068120	0.272480	-376907.642429	0.722071	0.070845	0.207084	-555107.088503	0.626703	0.133515	0.239782	-492220.434091	0.648501	0.122616	0.228883	-292071.449696	0.689373	0.119891	0.190736	-301871.883505	0.705722	0.092643	0.201635	-442753.319563	0.686649	0.092643	0.220708	-612361.253119	0.632153	0.100817	0.267030	-457185.603976	0.618529	0.152589	0.228883	-537160.646823	0.588556	0.163488	0.247956	-253129.442896	0.670300	0.147139	0.182561	-639949.499646	0.623978	0.119891	0.256131	-118937.892719	0.754768	0.089918	0.155313	-482551.589869	0.681199	0.089918	0.228883	-668420.197957	0.653951	0.057221	0.288828	-431654.610680	0.681199	0.106267	0.212534	-117895.184586	0.771117	0.103542	0.125341	-314160.671758	0.697548	0.111717	0.190736	-559556.571724	0.651226	0.098093	0.250681	-249831.756468	0.678474	0.152589	0.168937	-324902.071871	0.667575	0.119891	0.212534	-221124.541775	0.719346	0.092643	0.188011	-571569.312048	0.558583	0.182561	0.258856	-338723.877112	0.648501	0.171662	0.179837	-454515.441375	0.689373	0.079019	0.231608	-452148.428096	0.719346	0.054496	0.226158	-575610.315073	0.613079	0.128065	0.258856	-448899.168075	0.615804	0.144414	0.239782	-383871.103362	0.629428	0.158038	0.212534	-647379.856286	0.659401	0.068120	0.272480	12932.907806	0.730245	0.158038	0.111717	-562333.248023	0.664850	0.106267	0.228883	-654576.332619	0.697548	0.049046	0.253406	-644238.262979	0.621253	0.100817	0.277929	-617703.664835	0.602180	0.125341	0.272480	-546598.323282	0.561308	0.204360	0.234332	-411820.333029	0.651226	0.141689	0.207084	-600279.575859	0.621253	0.114441	0.264305	-566325.183860	0.692098	0.065395	0.242507	-657190.226841	0.615804	0.103542	0.280654	-288068.339355	0.722071	0.095368	0.182561	-499248.715337	0.588556	0.163488	0.247956	-398780.757932	0.640327	0.152589	0.207084	-292591.619442	0.719346	0.084469	0.196185	-583359.569493	0.662125	0.073569	0.264305	-243353.361513	0.656676	0.152589	0.190736	-450517.410072	0.648501	0.125341	0.226158	-719350.416810	0.610354	0.128065	0.261580	-548723.901198	0.689373	0.054496	0.256131	-537990.952887	0.659401	0.087193	0.253406	-607989.101465	0.670300	0.049046	0.280654	-344219.857894	0.678474	0.111717	0.209809	-718413.998217	0.678474	0.049046	0.272480	-378291.513087	0.711172	0.062670	0.226158	-367767.382726	0.716621	0.070845	0.212534	-379401.088476	0.670300	0.092643	0.237057	-183410.609433	0.746594	0.108992	0.144414	-390706.200208	0.640327	0.147139	0.212534	-437054.387248	0.648501	0.125341	0.226158	-660895.760903	0.683924	0.043597	0.272480	-575785.781792	0.602180	0.133515	0.264305	-224989.400904	0.765668	0.065395	0.168937	-371878.416377	0.711172	0.084469	0.204360	-273669.999345	0.670300	0.147139	0.182561	-525518.005944	0.670300	0.079019	0.250681	-380179.834574	0.700272	0.095368	0.204360	-363039.817567	0.664850	0.122616	0.212534	-503918.166784	0.675749	0.089918	0.234332	-452333.254514	0.599455	0.179837	0.220708	-317097.596477	0.637602	0.163488	0.198910	-580988.379761	0.648501	0.100817	0.250681	-367403.741744	0.673025	0.114441	0.212534	-480371.204325	0.662125	0.092643	0.245232	-876893.321121	0.528610	0.160763	0.310627	-340419.900903	0.675749	0.136240	0.188011	-418680.352924	0.648501	0.119891	0.231608	-702211.248017	0.651226	0.068120	0.280654	-251947.597446	0.722071	0.089918	0.188011	-111180.444792	0.664850	0.201635	0.133515	-504982.608593	0.602180	0.163488	0.234332	-520238.123163	0.653951	0.095368	0.250681	-169151.963367	0.727520	0.108992	0.163488	-512202.262838	0.645777	0.111717	0.242507	-349857.696826	0.629428	0.171662	0.198910	-607493.011614	0.648501	0.095368	0.256131	-672228.008981	0.634877	0.079019	0.286104	-523396.438516	0.623978	0.117166	0.258856	-669064.823340	0.640327	0.092643	0.267030	-508818.779315	0.542234	0.212534	0.245232	-100071.972908	0.645777	0.209809	0.144414	-278854.230292	0.656676	0.155313	0.188011	-281194.671481	0.738420	0.070845	0.190736	-643777.506148	0.629428	0.103542	0.267030	-589218.480416	0.670300	0.059946	0.269755	-427721.739640	0.694823	0.089918	0.215259	-50345.870825	0.730245	0.138965	0.130790	-561111.749305	0.700272	0.059946	0.239782	-561697.390021	0.643052	0.098093	0.258856	-965208.308588	0.604905	0.038147	0.356948	-1075194.023733	0.542234	0.062670	0.395095	-823752.801740	0.528610	0.119891	0.351499	-872250.250535	0.544959	0.100817	0.354223	-1055481.824479	0.523161	0.087193	0.389646	-654781.187625	0.534060	0.147139	0.318801	-1199864.778873	0.509537	0.076294	0.414169	-838866.188009	0.583106	0.079019	0.337875	-1211420.148314	0.501362	0.062670	0.435967	-938235.954032	0.539510	0.081744	0.378747	-1057886.031046	0.547684	0.054496	0.397820	-782331.119505	0.591281	0.079019	0.329700	-1189750.615193	0.501362	0.079019	0.419619	-1054590.728204	0.542234	0.081744	0.376022	-1259046.369888	0.528610	0.043597	0.427793	-1216674.408518	0.504087	0.051771	0.444142	-1039799.142416	0.550409	0.076294	0.373297	-889798.449891	0.588556	0.059946	0.351499	-1168272.385519	0.514986	0.070845	0.414169	-1028447.095917	0.547684	0.073569	0.378747	-1381080.648288	0.487738	0.049046	0.463215	-1283945.686763	0.476839	0.070845	0.452316	-870127.038088	0.547684	0.095368	0.356948	-1196237.653386	0.501362	0.079019	0.419619	-804645.063861	0.580381	0.087193	0.332425	-1227951.137910	0.534060	0.027248	0.438692	-1123981.968955	0.547684	0.040872	0.411444	-1059218.936697	0.574932	0.029973	0.395095	-679697.274497	0.580381	0.108992	0.310627	-1221837.639473	0.558583	0.035422	0.405995	-930266.915418	0.583106	0.046322	0.370572	-892898.854086	0.550409	0.098093	0.351499	-1008828.387379	0.495913	0.100817	0.403270	-853399.160017	0.632153	0.040872	0.326975	-1132332.334898	0.564033	0.049046	0.386921	-931918.594309	0.553134	0.084469	0.362398	-702667.924532	0.596730	0.092643	0.310627	-1306184.786756	0.504087	0.046322	0.449591	-1169148.599311	0.460490	0.108992	0.430518	-1252121.080400	0.495913	0.062670	0.441417	-804766.153280	0.591281	0.081744	0.326975	-668075.194577	0.599455	0.108992	0.291553	-1062526.332282	0.547684	0.070845	0.381471	-826266.897746	0.561308	0.106267	0.332425	-932400.766658	0.542234	0.089918	0.367847	-622939.934357	0.604905	0.106267	0.288828	-927022.675687	0.547684	0.084469	0.367847	-666383.583780	0.599455	0.089918	0.310627	-1076550.995203	0.531335	0.068120	0.400545	-1430893.610495	0.490463	0.051771	0.457766	-1425232.295924	0.501362	0.035422	0.463215	-991437.415548	0.564033	0.059946	0.376022	-973680.069094	0.572207	0.054496	0.373297	-1327338.255015	0.490463	0.065395	0.444142	-1136340.582906	0.544959	0.054496	0.400545	-762997.038465	0.558583	0.111717	0.329700	-1177071.909754	0.528610	0.059946	0.411444	-579762.469904	0.550409	0.144414	0.305177	-1262753.721443	0.523161	0.046322	0.430518	-860469.751208	0.547684	0.089918	0.362398	-941702.561931	0.588556	0.059946	0.351499	-763655.863444	0.594005	0.092643	0.313351	-995303.371645	0.588556	0.051771	0.359673	-1127976.382361	0.495913	0.095368	0.408719	-931926.099330	0.555858	0.070845	0.373297	-1331323.753223	0.520436	0.032698	0.446866	-1349924.255256	0.509537	0.046322	0.444142	-985738.312898	0.531335	0.092643	0.376022	-1271610.736887	0.490463	0.068120	0.441417	-866518.921667	0.569482	0.081744	0.348774	-791230.556073	0.602180	0.062670	0.335150	-963195.532742	0.547684	0.079019	0.373297	-1282069.617459	0.504087	0.046322	0.449591	-1198854.727028	0.534060	0.051771	0.414169	-1011458.458420	0.561308	0.068120	0.370572	-1153296.356661	0.525886	0.068120	0.405995	-1055898.042307	0.555858	0.057221	0.386921	-863502.670266	0.585831	0.076294	0.337875	-840205.927452	0.604905	0.065395	0.329700	-702349.392743	0.564033	0.117166	0.318801	-1036706.436915	0.544959	0.065395	0.389646	-970467.789855	0.555858	0.079019	0.365123	-931083.392169	0.566757	0.081744	0.351499	-853437.598737	0.564033	0.108992	0.326975	-820834.747228	0.572207	0.087193	0.340599	-978166.526846	0.594005	0.029973	0.376022	-798762.764481	0.615804	0.049046	0.335150	-1102139.479012	0.520436	0.079019	0.400545	-1100276.944653	0.534060	0.059946	0.405995	-1155475.787559	0.536785	0.059946	0.403270	-1187002.630109	0.539510	0.057221	0.403270	-828286.447150	0.566757	0.087193	0.346049	-773863.140320	0.583106	0.108992	0.307902	-1123071.170899	0.490463	0.087193	0.422343	-1298170.476817	0.520436	0.040872	0.438692	-837479.358468	0.564033	0.089918	0.346049	-1115711.623264	0.487738	0.100817	0.411444	-1103465.626138	0.550409	0.065395	0.384196	-823022.691589	0.550409	0.089918	0.359673	-817596.949476	0.561308	0.092643	0.346049	-1133474.251606	0.517711	0.092643	0.389646	-1095835.814781	0.539510	0.051771	0.408719	-1050075.988260	0.536785	0.068120	0.395095	-857914.675552	0.542234	0.092643	0.365123	-1233111.297311	0.517711	0.046322	0.435967	-1339261.805188	0.528610	0.032698	0.438692	-701823.352717	0.539510	0.144414	0.316076	-656536.548678	0.604905	0.081744	0.313351	-738390.408661	0.585831	0.092643	0.321526	-1320972.759080	0.504087	0.065395	0.430518	-1206434.205647	0.520436	0.049046	0.430518	-1160100.544206	0.523161	0.051771	0.425068	-1095874.929660	0.542234	0.065395	0.392371	-1309970.031052	0.482289	0.065395	0.452316	-1208296.357158	0.493188	0.084469	0.422343	-980103.530079	0.504087	0.130790	0.365123	-1409636.132082	0.476839	0.062670	0.460490	-1224335.473043	0.514986	0.073569	0.411444	-1080542.066308	0.542234	0.062670	0.395095	-1522322.704186	0.468665	0.035422	0.495913	-1290306.091257	0.485014	0.084469	0.430518	-1222094.117938	0.531335	0.038147	0.430518	-1075445.401927	0.523161	0.070845	0.405995	-1091694.454433	0.599455	0.021798	0.378747	-1435005.074026	0.504087	0.027248	0.468665	-1165685.830127	0.514986	0.062670	0.422343	-952893.018619	0.531335	0.095368	0.373297	-1007101.916524	0.566757	0.062670	0.370572	-1164273.494591	0.501362	0.070845	0.427793	-623544.065790	0.623978	0.084469	0.291553	-1273005.083977	0.506812	0.062670	0.430518	-828166.038532	0.569482	0.108992	0.321526	-657152.111925	0.574932	0.125341	0.299728	-1216833.815383	0.514986	0.073569	0.411444	-1292562.716530	0.525886	0.038147	0.435967	-1030633.680989	0.547684	0.076294	0.376022	-1106005.672630	0.528610	0.068120	0.403270	-797807.559579	0.596730	0.073569	0.329700	-823730.296104	0.594005	0.070845	0.335150	-1098651.128940	0.542234	0.043597	0.414169	-1130084.761426	0.520436	0.068120	0.411444	-1159625.340193	0.525886	0.059946	0.414169	-960124.453118	0.572207	0.051771	0.376022	-601778.800809	0.602180	0.130790	0.267030	-923160.812759	0.569482	0.073569	0.356948	-1165861.076063	0.528610	0.062670	0.408719	-777215.804341	0.574932	0.087193	0.337875	-882301.580364	0.544959	0.089918	0.365123	-1217020.970478	0.531335	0.049046	0.419619	-973907.070535	0.542234	0.095368	0.362398	-787325.594807	0.564033	0.106267	0.329700	-1362574.570996	0.506812	0.029973	0.463215	-650425.539965	0.553134	0.149864	0.297003	-1294704.540421	0.487738	0.070845	0.441417	-1266608.857350	0.525886	0.027248	0.446866	-674670.647462	0.528610	0.160763	0.310627	-1244669.783025	0.514986	0.051771	0.433243	-810847.462240	0.615804	0.049046	0.335150	-1090894.088693	0.544959	0.054496	0.400545	-900997.788150	0.555858	0.081744	0.362398	-963861.876079	0.536785	0.108992	0.354223	-978620.841129	0.555858	0.076294	0.367847	-1170695.429388	0.501362	0.095368	0.403270	-1286620.091208	0.506812	0.040872	0.452316	-822170.403341	0.577657	0.084469	0.337875	-1327810.161243	0.544959	0.027248	0.427793	-955709.977363	0.547684	0.070845	0.381471	-858929.902920	0.580381	0.073569	0.346049	-841270.996761	0.544959	0.108992	0.346049	-566347.900566	0.621253	0.092643	0.286104	-912159.016333	0.572207	0.081744	0.346049	-1123109.299223	0.504087	0.079019	0.416894	-797199.657964	0.561308	0.095368	0.343324	-990555.425992	0.555858	0.076294	0.367847	-1096403.499151	0.555858	0.051771	0.392371	-1077038.165360	0.528610	0.065395	0.405995	-1068436.043582	0.585831	0.046322	0.367847	-1260953.143825	0.517711	0.035422	0.446866	-1180980.762919	0.544959	0.046322	0.408719	-1048188.703204	0.517711	0.092643	0.389646	-828350.828360	0.572207	0.073569	0.354223	-897386.589712	0.547684	0.098093	0.354223	-678568.151550	0.580381	0.117166	0.302452	-1004355.286544	0.536785	0.079019	0.384196	-1002194.604783	0.555858	0.073569	0.370572	-848290.827376	0.602180	0.068120	0.329700	-833713.856749	0.561308	0.087193	0.351499	-1328297.012194	0.542234	0.035422	0.422343	-1034781.028085	0.580381	0.035422	0.384196	-626634.577349	0.602180	0.103542	0.294278	-1029940.985579	0.566757	0.051771	0.381471	-1014500.498059	0.572207	0.068120	0.359673	-685268.994753	0.577657	0.106267	0.316076	-656201.224464	0.618529	0.081744	0.299728	-1188602.464838	0.523161	0.065395	0.411444	-1169920.211358	0.534060	0.054496	0.411444	-1007392.904830	0.577657	0.038147	0.384196	-1099715.049872	0.558583	0.038147	0.403270	-767578.268525	0.534060	0.117166	0.348774	-591805.507058	0.599455	0.103542	0.297003	-874657.835880	0.569482	0.076294	0.354223	-885904.822088	0.580381	0.062670	0.356948	-975774.063038	0.517711	0.103542	0.378747	-1272116.311192	0.512262	0.051771	0.435967	-961855.485170	0.558583	0.081744	0.359673	-767640.994127	0.550409	0.117166	0.332425	-841234.748546	0.553134	0.103542	0.343324	-927749.218959	0.558583	0.089918	0.351499	-1097848.251858	0.482289	0.122616	0.395095	-410258.145586	0.618529	0.130790	0.250681	-950130.792834	0.553134	0.065395	0.381471	-611999.525590	0.577657	0.111717	0.310627	-859028.587318	0.574932	0.079019	0.346049	-881950.606031	0.604905	0.049046	0.346049	-1078485.822771	0.520436	0.062670	0.416894	-771545.334205	0.547684	0.117166	0.335150	-581302.267692	0.602180	0.125341	0.272480	-1251174.377393	0.504087	0.059946	0.435967	-821219.412478	0.583106	0.068120	0.348774	-896007.105328	0.561308	0.084469	0.354223	-1065232.046271	0.555858	0.046322	0.397820	-983102.902011	0.539510	0.076294	0.384196	-1204698.954390	0.525886	0.057221	0.416894	-1216803.741362	0.544959	0.038147	0.416894	-1018600.165647	0.550409	0.076294	0.373297	-927609.016053	0.572207	0.068120	0.359673	-1253839.617800	0.517711	0.046322	0.435967	-1345010.939231	0.517711	0.038147	0.444142	-989005.760298	0.534060	0.089918	0.376022	-922722.187944	0.544959	0.079019	0.376022	-727955.980177	0.591281	0.095368	0.313351	-1053357.936310	0.490463	0.108992	0.400545	-1036487.600406	0.558583	0.051771	0.389646	-870535.009273	0.596730	0.059946	0.343324	-907311.915825	0.585831	0.062670	0.351499	-422978.387817	0.678474	0.062670	0.258856	-917103.454204	0.523161	0.133515	0.343324	-911303.607795	0.561308	0.068120	0.370572	-882650.608144	0.550409	0.098093	0.351499	-814796.069584	0.580381	0.081744	0.337875	-1100043.022132	0.534060	0.065395	0.400545	-1125727.149966	0.561308	0.059946	0.378747	-898542.246912	0.574932	0.073569	0.351499	-905857.306387	0.591281	0.087193	0.321526	-1070052.643254	0.523161	0.089918	0.386921	-1285976.439760	0.536785	0.027248	0.435967	-1202799.806922	0.517711	0.062670	0.419619	-1054913.461976	0.531335	0.089918	0.378747	-993456.489301	0.555858	0.084469	0.359673	-1222633.339579	0.553134	0.049046	0.397820	-781709.342708	0.604905	0.065395	0.329700	-759228.994843	0.615804	0.068120	0.316076	-827440.789216	0.602180	0.065395	0.332425	-624884.062534	0.640327	0.081744	0.277929	-835869.378756	0.553134	0.098093	0.348774	-739345.963625	0.558583	0.114441	0.326975	-1232133.582065	0.356948	0.329700	0.313351	-57957.584594	0.719346	0.168937	0.111717	-304594.169113	0.730245	0.103542	0.166213	-290030.929310	0.416894	0.455041	0.128065	-182254.409868	0.692098	0.166213	0.141689	-319471.662496	0.713896	0.106267	0.179837	-659132.070035	0.326975	0.514986	0.158038	-278768.463544	0.403270	0.479564	0.117166	-288591.091953	0.427793	0.446866	0.125341	-553630.864079	0.324251	0.547684	0.128065	148322.782944	0.743869	0.198910	0.057221	61122.417795	0.787466	0.117166	0.095368	-315596.806502	0.435967	0.422343	0.141689	-475008.462652	0.408719	0.457766	0.133515	-239954.557533	0.594005	0.267030	0.138965	-257993.016815	0.525886	0.359673	0.114441	-572723.297235	0.395095	0.487738	0.117166	103244.064176	0.689373	0.231608	0.079019	-217866.974096	0.757493	0.098093	0.144414	-568476.873363	0.337875	0.479564	0.182561	-148041.300523	0.520436	0.373297	0.106267	-344241.936783	0.340599	0.553134	0.106267	-222955.008459	0.621253	0.234332	0.144414	-22084.259353	0.757493	0.147139	0.095368	-344243.194065	0.438692	0.400545	0.160763	-58996.103491	0.694823	0.196185	0.108992	-838393.154348	0.291553	0.555858	0.152589	-332563.414992	0.566757	0.288828	0.144414	-463288.963933	0.457766	0.370572	0.171662	-228551.045800	0.626703	0.237057	0.136240	-243136.886961	0.490463	0.384196	0.125341	-502633.312728	0.386921	0.449591	0.163488	-304291.297629	0.640327	0.188011	0.171662	-230243.696254	0.735695	0.106267	0.158038	-267495.273260	0.561308	0.288828	0.149864	-256467.669433	0.531335	0.332425	0.136240	65744.653340	0.651226	0.318801	0.029973	-158889.822019	0.686649	0.171662	0.141689	194737.836650	0.615804	0.354223	0.029973	-290696.111777	0.373297	0.550409	0.076294	-439631.532254	0.397820	0.476839	0.125341	-412281.331485	0.487738	0.340599	0.171662	-481226.013857	0.528610	0.294278	0.177112	-543895.750523	0.370572	0.493188	0.136240	-355179.509049	0.408719	0.452316	0.138965	58194.401118	0.626703	0.283379	0.089918	-58833.056556	0.754768	0.136240	0.108992	-181198.725336	0.577657	0.305177	0.117166	-787411.608320	0.324251	0.523161	0.152589	-792119.558232	0.340599	0.329700	0.329700	-293435.025102	0.599455	0.256131	0.144414	-1039004.758487	0.242507	0.444142	0.313351	-193233.495027	0.692098	0.155313	0.152589	-531974.958702	0.326975	0.449591	0.223433	-108857.425427	0.517711	0.376022	0.106267	-448123.559587	0.419619	0.419619	0.160763	-483376.990191	0.400545	0.430518	0.168937	-263958.010004	0.427793	0.455041	0.117166	-491977.428278	0.356948	0.485014	0.158038	90603.341290	0.689373	0.237057	0.073569	-126718.289057	0.643052	0.220708	0.136240	-256858.007151	0.643052	0.217984	0.138965	-128256.746235	0.574932	0.291553	0.133515	-371635.258681	0.422343	0.441417	0.136240	34678.818727	0.512262	0.474114	0.013624	-571713.924305	0.269755	0.569482	0.160763	196195.018646	0.634877	0.329700	0.035422	-391982.321800	0.465940	0.381471	0.152589	-101277.365152	0.506812	0.397820	0.095368	-705917.522683	0.509537	0.198910	0.291553	-1005532.295934	0.313351	0.457766	0.228883	-195628.890676	0.730245	0.130790	0.138965	-112219.630109	0.686649	0.193460	0.119891	-309997.354499	0.520436	0.321526	0.158038	-362185.589284	0.405995	0.455041	0.138965	-124695.891977	0.708447	0.179837	0.111717	-169840.953001	0.487738	0.384196	0.128065	-432284.423170	0.384196	0.520436	0.095368	-252361.298065	0.463215	0.422343	0.114441	-477272.512110	0.384196	0.517711	0.098093	-201293.657855	0.792916	0.065395	0.141689	-340153.794964	0.438692	0.427793	0.133515	-400004.032343	0.577657	0.209809	0.212534	-150588.254639	0.455041	0.457766	0.087193	-357710.673459	0.544959	0.302452	0.152589	-269799.276922	0.604905	0.258856	0.136240	-423386.107599	0.506812	0.321526	0.171662	-258059.128767	0.490463	0.416894	0.092643	-318398.643243	0.395095	0.476839	0.128065	-276540.243506	0.643052	0.204360	0.152589	-340228.492337	0.343324	0.553134	0.103542	-758096.079528	0.307902	0.427793	0.264305	-19029.868561	0.651226	0.264305	0.084469	-968089.965008	0.332425	0.337875	0.329700	71631.537524	0.694823	0.223433	0.081744	121886.748101	0.539510	0.405995	0.054496	-713826.284083	0.386921	0.452316	0.160763	-299248.349098	0.326975	0.528610	0.144414	-621073.332197	0.408719	0.354223	0.237057	-294010.363244	0.520436	0.335150	0.144414	178735.484645	0.662125	0.283379	0.054496	-170796.848335	0.506812	0.386921	0.106267	-206426.912784	0.512262	0.373297	0.114441	-176366.189525	0.468665	0.444142	0.087193	-977672.272726	0.302452	0.400545	0.297003	-760839.058237	0.365123	0.498638	0.136240	104203.921478	0.683924	0.245232	0.070845	-1262831.109603	0.283379	0.506812	0.209809	54530.320997	0.754768	0.168937	0.076294	-56081.943177	0.474114	0.435967	0.089918	-1009552.632044	0.340599	0.479564	0.179837	-153894.772593	0.678474	0.190736	0.130790	-57038.337948	0.564033	0.318801	0.117166	-33053.233117	0.683924	0.209809	0.106267	-494042.317471	0.395095	0.482289	0.122616	-407633.537458	0.523161	0.329700	0.147139	-338180.791529	0.525886	0.307902	0.166213	56812.724794	0.615804	0.305177	0.079019	-51210.176983	0.509537	0.400545	0.089918	29956.151545	0.531335	0.397820	0.070845	135448.681301	0.476839	0.495913	0.027248	-147060.176729	0.534060	0.362398	0.103542	-341017.443282	0.452316	0.405995	0.141689	-462556.435930	0.444142	0.438692	0.117166	-485479.165022	0.318801	0.460490	0.220708	-193050.907350	0.517711	0.337875	0.144414	-361989.941049	0.460490	0.373297	0.166213	-372917.910011	0.476839	0.365123	0.158038	-1315829.314384	0.512262	0.049046	0.438692	-1057275.685790	0.547684	0.065395	0.386921	-823768.286617	0.564033	0.087193	0.348774	-905805.196283	0.550409	0.103542	0.346049	-914914.509188	0.523161	0.103542	0.373297	-1088713.663220	0.517711	0.084469	0.397820	-1103456.598345	0.547684	0.065395	0.386921	-1284769.159239	0.498638	0.059946	0.441417	-1124648.711098	0.536785	0.057221	0.405995	-1113052.721671	0.525886	0.068120	0.405995	-946555.841728	0.599455	0.027248	0.373297	-966655.229001	0.542234	0.081744	0.376022	-1437280.249674	0.514986	0.024523	0.460490	-1296559.489995	0.506812	0.043597	0.449591	-657913.167264	0.604905	0.098093	0.297003	-894162.407945	0.588556	0.065395	0.346049	-1246376.745725	0.493188	0.070845	0.435967	-1197200.042814	0.493188	0.076294	0.430518	-824449.811392	0.591281	0.059946	0.348774	-1090485.433637	0.536785	0.057221	0.405995	-1338805.655661	0.512262	0.040872	0.446866	-1128176.404138	0.558583	0.040872	0.400545	-950664.511830	0.574932	0.051771	0.373297	-1275346.444546	0.525886	0.040872	0.433243	-763883.244646	0.550409	0.095368	0.354223	-703637.681734	0.604905	0.073569	0.321526	-777640.665860	0.599455	0.051771	0.348774	-1185878.060077	0.525886	0.051771	0.422343	-1308742.779563	0.465940	0.081744	0.452316	-926698.607283	0.536785	0.084469	0.378747	-1196124.076208	0.495913	0.092643	0.411444	-1078923.472785	0.531335	0.070845	0.397820	-1135368.117141	0.512262	0.079019	0.408719	-1556504.512252	0.474114	0.043597	0.482289	-694743.302802	0.585831	0.095368	0.318801	-1278426.201119	0.512262	0.043597	0.444142	-999868.032964	0.544959	0.073569	0.381471	-1132732.896005	0.534060	0.057221	0.408719	-973898.955060	0.536785	0.084469	0.378747	-707813.644322	0.577657	0.106267	0.316076	-614535.101279	0.583106	0.117166	0.299728	-875897.075804	0.604905	0.054496	0.340599	-1053431.438914	0.534060	0.073569	0.392371	-646443.987117	0.583106	0.108992	0.307902	-1202545.886652	0.495913	0.081744	0.422343	-1233438.880406	0.512262	0.054496	0.433243	-849565.472910	0.588556	0.076294	0.335150	-691280.220739	0.542234	0.133515	0.324251	-1187920.044564	0.544959	0.035422	0.419619	-1127208.878740	0.564033	0.038147	0.397820	-699693.845787	0.547684	0.136240	0.316076	-991730.201790	0.514986	0.098093	0.386921	-922680.809113	0.525886	0.106267	0.367847	-1230252.600251	0.506812	0.065395	0.427793	-1193734.192211	0.534060	0.054496	0.411444	-1068065.725279	0.569482	0.054496	0.376022	-1381964.037113	0.495913	0.035422	0.468665	-1025356.623428	0.517711	0.095368	0.386921	-1229421.231930	0.542234	0.024523	0.433243	-1027077.385251	0.583106	0.029973	0.386921	-1393742.377320	0.498638	0.043597	0.457766	-1345093.846897	0.476839	0.073569	0.449591	-1551945.253993	0.482289	0.035422	0.482289	-943073.906903	0.574932	0.065395	0.359673	-1232679.392978	0.555858	0.035422	0.408719	-513611.964913	0.618529	0.103542	0.277929	-1094878.732889	0.531335	0.073569	0.395095	-984953.211412	0.550409	0.076294	0.373297	-955282.523404	0.542234	0.084469	0.373297	-1091288.983986	0.542234	0.065395	0.392371	-1074279.103519	0.574932	0.021798	0.403270	-1152950.919988	0.539510	0.043597	0.416894	-688830.629563	0.599455	0.089918	0.310627	-1058113.792587	0.577657	0.043597	0.378747	-996266.600872	0.577657	0.043597	0.378747	-703249.048608	0.588556	0.106267	0.305177	-914731.609739	0.555858	0.084469	0.359673	-1017780.568143	0.566757	0.065395	0.367847	-875719.767384	0.602180	0.057221	0.340599	-1402249.354208	0.501362	0.043597	0.455041	-870584.759841	0.566757	0.095368	0.337875	-1288975.198615	0.501362	0.059946	0.438692	-944475.052839	0.531335	0.106267	0.362398	-1624271.030580	0.504087	0.013624	0.482289	-965591.239846	0.574932	0.057221	0.367847	-1492519.997836	0.501362	0.029973	0.468665	-1174820.708412	0.523161	0.070845	0.405995	-937468.701060	0.585831	0.051771	0.362398	-1207686.299234	0.514986	0.065395	0.419619	-1215633.564600	0.536785	0.046322	0.416894	-1408486.938224	0.501362	0.043597	0.455041	-1049673.887531	0.525886	0.079019	0.395095	-1267853.088367	0.495913	0.057221	0.446866	-734361.347178	0.534060	0.128065	0.337875	-873689.158791	0.550409	0.106267	0.343324	-1219051.128808	0.528610	0.049046	0.422343	-1268989.971318	0.536785	0.035422	0.427793	-1180362.280337	0.536785	0.035422	0.427793	-1151640.692925	0.512262	0.068120	0.419619	-921049.574765	0.523161	0.108992	0.367847	-780748.166388	0.561308	0.100817	0.337875	-1060820.638265	0.531335	0.059946	0.408719	-915767.554763	0.572207	0.051771	0.376022	-1255634.111801	0.506812	0.073569	0.419619	-1149505.942594	0.536785	0.040872	0.422343	-884915.919405	0.564033	0.076294	0.359673	-1337846.229440	0.517711	0.032698	0.449591	-1077743.077337	0.566757	0.046322	0.386921	-1479413.923784	0.487738	0.043597	0.468665	-1102726.715981	0.528610	0.068120	0.403270	-1186513.281867	0.542234	0.040872	0.416894	-1364987.595590	0.514986	0.040872	0.444142	-650168.973560	0.585831	0.106267	0.307902	-1079852.760938	0.544959	0.065395	0.389646	-991157.831385	0.572207	0.049046	0.378747	-826080.398421	0.599455	0.068120	0.332425	-1330388.510718	0.485014	0.059946	0.455041	-886605.570914	0.553134	0.089918	0.356948	-1437055.170707	0.479564	0.043597	0.476839	-819668.425251	0.536785	0.119891	0.343324	-619068.197753	0.618529	0.079019	0.302452	-620231.208940	0.610354	0.089918	0.299728	-999920.222078	0.544959	0.068120	0.386921	-1077109.762431	0.566757	0.051771	0.381471	-814142.171100	0.525886	0.117166	0.356948	-1085962.330665	0.528610	0.079019	0.392371	-1119195.080455	0.542234	0.057221	0.400545	-1170306.629801	0.547684	0.035422	0.416894	-1050630.842601	0.539510	0.076294	0.384196	-1284515.731457	0.482289	0.059946	0.457766	-1285025.726212	0.525886	0.038147	0.435967	-1291310.200433	0.525886	0.038147	0.435967	-1293097.040270	0.509537	0.049046	0.441417	-707077.156476	0.558583	0.128065	0.313351	-1346850.354690	0.509537	0.046322	0.444142	-1045895.586319	0.539510	0.073569	0.386921	-1338545.358032	0.517711	0.046322	0.435967	-1211707.157298	0.504087	0.073569	0.422343	-1234107.641876	0.509537	0.054496	0.435967	-1166485.028758	0.547684	0.040872	0.411444	-1447750.845080	0.523161	0.029973	0.446866	-1023330.394662	0.580381	0.043597	0.376022	-1267795.228430	0.495913	0.059946	0.444142	-1370399.196395	0.495913	0.062670	0.441417	-1198414.294835	0.542234	0.049046	0.408719	-1088768.664876	0.531335	0.073569	0.395095	-1087713.110896	0.547684	0.051771	0.400545	-1045754.002290	0.514986	0.103542	0.381471	-1247553.274719	0.523161	0.046322	0.430518	-1004523.378190	0.525886	0.089918	0.384196	-1339540.619987	0.512262	0.040872	0.446866	-867054.716638	0.583106	0.065395	0.351499	-983083.692380	0.536785	0.084469	0.378747	-1047151.891822	0.520436	0.095368	0.384196	-1327295.146651	0.525886	0.029973	0.444142	-1402087.395429	0.498638	0.054496	0.446866	-898329.839104	0.574932	0.076294	0.348774	-1059044.285707	0.539510	0.076294	0.384196	-1411700.387520	0.468665	0.081744	0.449591	-1280749.662121	0.517711	0.051771	0.430518	-1164857.220675	0.528610	0.065395	0.405995	-1367749.341954	0.490463	0.049046	0.460490	-1226792.644136	0.517711	0.049046	0.433243	-942442.539992	0.577657	0.070845	0.351499	-1116499.086752	0.550409	0.043597	0.405995	-1540328.541310	0.438692	0.051771	0.509537	-944116.267948	0.596730	0.051771	0.351499	-1352865.769399	0.523161	0.035422	0.441417	-1561286.865753	0.460490	0.032698	0.506812	-1153498.300177	0.534060	0.054496	0.411444	-1145464.455498	0.520436	0.070845	0.408719	-1288309.410825	0.514986	0.057221	0.427793	-1351624.022212	0.536785	0.024523	0.438692	-1147996.153072	0.498638	0.095368	0.405995	-1594264.630597	0.430518	0.062670	0.506812	-1175284.640193	0.520436	0.068120	0.411444	-1158522.567621	0.550409	0.038147	0.411444	-1203621.463552	0.514986	0.057221	0.427793	-1251045.511534	0.504087	0.062670	0.433243	-1355153.744995	0.471390	0.062670	0.465940	-1181735.086378	0.514986	0.062670	0.422343	-918919.430511	0.602180	0.046322	0.351499	-1335036.055981	0.506812	0.040872	0.452316	-1210647.710977	0.504087	0.079019	0.416894	-919628.367988	0.542234	0.098093	0.359673	-1172678.320726	0.498638	0.081744	0.419619	-1264577.246397	0.528610	0.038147	0.433243	-1079371.602992	0.544959	0.065395	0.389646	-1519418.192067	0.495913	0.040872	0.463215	-1351905.266695	0.517711	0.024523	0.457766	-1253094.049203	0.506812	0.062670	0.430518	-1296206.297903	0.495913	0.073569	0.430518	-1354436.420331	0.514986	0.043597	0.441417	-1110001.028702	0.542234	0.057221	0.400545	-1050070.621328	0.585831	0.027248	0.386921	-925327.488444	0.588556	0.062670	0.348774	-1172927.921404	0.512262	0.068120	0.419619	-1418324.487761	0.514986	0.024523	0.460490	-946332.713264	0.566757	0.062670	0.370572	-1277421.759053	0.479564	0.070845	0.449591	-1277695.983966	0.504087	0.065395	0.430518	-1160803.918608	0.544959	0.046322	0.408719	-1234780.818947	0.514986	0.051771	0.433243	-1279980.586178	0.550409	0.024523	0.425068	-883148.275547	0.555858	0.092643	0.351499	-1258957.850613	0.482289	0.065395	0.452316	-1368087.504717	0.528610	0.032698	0.438692	-1127558.960952	0.504087	0.084469	0.411444	-1003484.906485	0.528610	0.089918	0.381471	-1227772.948915	0.514986	0.054496	0.430518	-1330116.730004	0.525886	0.027248	0.446866	-1288481.175919	0.501362	0.054496	0.444142	-1331537.737397	0.517711	0.049046	0.433243	-1074871.430155	0.544959	0.070845	0.384196	-1104765.080835	0.550409	0.040872	0.408719	-1283947.260285	0.506812	0.059946	0.433243	-1613493.283617	0.452316	0.043597	0.504087	-1167659.459436	0.482289	0.095368	0.422343	-1185310.404526	0.525886	0.057221	0.416894	-1226093.814442	0.555858	0.024523	0.419619	-1468719.219786	0.528610	0.019074	0.452316	-1057126.796740	0.577657	0.046322	0.376022	-1431182.299024	0.534060	0.016349	0.449591	-1310703.850113	0.509537	0.043597	0.446866	-1509104.133971	0.517711	0.016349	0.465940	-1416444.706961	0.427793	0.084469	0.487738	-1106425.365597	0.555858	0.046322	0.397820	-1207491.070706	0.536785	0.049046	0.414169	-1217395.459230	0.534060	0.057221	0.408719	-1495826.889432	0.471390	0.054496	0.474114	-1293229.351250	0.498638	0.059946	0.441417	-957519.628650	0.553134	0.079019	0.367847	-1323929.239952	0.493188	0.057221	0.449591	-1426341.175242	0.457766	0.073569	0.468665	-1164735.814929	0.531335	0.054496	0.414169	-1257642.598254	0.547684	0.029973	0.422343	-1254472.397435	0.517711	0.046322	0.435967	-1188823.186772	0.544959	0.049046	0.405995	-1218560.189971	0.542234	0.035422	0.422343	-1347526.968012	0.520436	0.029973	0.449591	-1310904.145525	0.520436	0.038147	0.441417	-1105768.621496	0.528610	0.068120	0.403270	-1274708.733045	0.547684	0.024523	0.427793	-1050390.469669	0.525886	0.098093	0.376022	-1239063.955739	0.495913	0.079019	0.425068	-1147848.555569	0.495913	0.100817	0.403270	-1265938.908382	0.517711	0.049046	0.433243	-1294437.511321	0.506812	0.059946	0.433243	-1098761.361534	0.572207	0.043597	0.384196	-1351218.437441	0.468665	0.076294	0.455041	-1049495.464170	0.517711	0.084469	0.397820	-1166816.012719	0.558583	0.035422	0.405995	-1226530.914482	0.534060	0.051771	0.414169	-1053473.077414	0.534060	0.073569	0.392371	-1372821.200405	0.493188	0.046322	0.460490	-1151056.865744	0.577657	0.021798	0.400545	-1124051.276068	0.539510	0.065395	0.395095	-1066918.316425	0.564033	0.051771	0.384196	-1017547.164231	0.564033	0.059946	0.376022	-1305364.236450	0.517711	0.040872	0.441417	-1392072.003687	0.506812	0.038147	0.455041	-1198104.686596	0.523161	0.065395	0.411444	-1119836.182865	0.572207	0.032698	0.395095	-1262345.571339	0.509537	0.046322	0.444142	-1349735.001216	0.528610	0.032698	0.438692	-1323416.244991	0.495913	0.062670	0.441417	-1220855.839652	0.525886	0.043597	0.430518	-1321422.772973	0.495913	0.043597	0.460490	-1435160.170025	0.501362	0.024523	0.474114	-1177377.983783	0.558583	0.038147	0.403270	-1253291.263250	0.485014	0.079019	0.435967	-1311215.764249	0.520436	0.049046	0.430518	-1126593.590752	0.534060	0.054496	0.411444	-1391053.310310	0.482289	0.046322	0.471390	-1506772.619394	0.465940	0.040872	0.493188	-1259989.901922	0.534060	0.062670	0.403270	-1315446.128183	0.528610	0.029973	0.441417	-1417021.363567	0.490463	0.049046	0.460490	-1199992.533334	0.5