Training began at: 2018-01-01
Training completed at: 
A2C algorithm
Number of Products 4
State Setting: INVENTORY
Reward function: VALUE_ADD
Planning Time Horizon = 7
Random seed: 
==============================================================================
Episode Results: 
total_reward	on_time	late	not_shipped	
-36544416.440305	0.304808	0.491986	0.203205	-41587479.100622	0.368632	0.385232	0.246136	-35189022.911077	0.340870	0.449628	0.209502	-40837232.636259	0.358615	0.411849	0.229536	-35878919.302162	0.363194	0.436176	0.200630	-32306063.758770	0.297081	0.499714	0.203205	-38652928.773826	0.355467	0.447911	0.196623	-38038669.835758	0.369204	0.409273	0.221523	-41291141.750307	0.361191	0.396680	0.242129	-32577379.787898	0.336005	0.490269	0.173726	-31422665.274552	0.342015	0.479107	0.178878	-41994375.924885	0.395249	0.363766	0.240985	-43132067.789071	0.339725	0.417001	0.243274	-32874042.230662	0.346022	0.465942	0.188037	-39054697.546942	0.293074	0.468517	0.238409	-37220015.588890	0.316256	0.467373	0.216371	-36714167.235974	0.313108	0.471666	0.215226	-28614100.182956	0.275329	0.564969	0.159702	-37938514.664693	0.357470	0.432456	0.210074	-38174543.623876	0.355180	0.413280	0.231540	-35157278.520734	0.346594	0.451918	0.201488	-34792573.578804	0.339153	0.479966	0.180882	-38250973.196427	0.361763	0.411849	0.226388	-42934775.622496	0.342301	0.421866	0.235833	-39043063.634698	0.316829	0.455638	0.227533	-45755869.459320	0.393246	0.340584	0.266171	-34595224.460325	0.350601	0.451918	0.197481	-34484201.949458	0.361763	0.443045	0.195192	-35130960.969995	0.351173	0.459931	0.188895	-37759609.298837	0.307670	0.468804	0.223526	-35123193.470174	0.329994	0.466514	0.203492	-38972377.490940	0.313108	0.451918	0.234974	-38902000.397397	0.344305	0.452490	0.203205	-38631272.458027	0.406125	0.377218	0.216657	-34706152.209667	0.327132	0.480824	0.192044	-38236231.283837	0.332284	0.438180	0.229536	-35720408.896894	0.355180	0.444762	0.200057	-38315399.186897	0.346308	0.437607	0.216085	-35164973.492974	0.332570	0.484545	0.182885	-41911812.613028	0.340011	0.425014	0.234974	-37149117.931775	0.327991	0.465083	0.206926	-44648359.309943	0.372066	0.400114	0.227819	-35426096.715163	0.291643	0.501431	0.206926	-43556607.388006	0.318832	0.427304	0.253864	-37403537.276415	0.307956	0.481397	0.210647	-39083297.003433	0.344305	0.442759	0.212936	-32212315.604844	0.296508	0.527189	0.176302	-41843813.430575	0.316543	0.447052	0.236405	-34466356.346760	0.295077	0.503434	0.201488	-31606571.853220	0.363194	0.457069	0.179737	-35167784.437381	0.309388	0.476531	0.214081	-35747108.266733	0.323984	0.477676	0.198340	-37425500.703863	0.372353	0.418432	0.209216	-39097257.779780	0.346022	0.427304	0.226674	-40152023.812593	0.353749	0.430166	0.216085	-39605647.680556	0.340011	0.420435	0.239554	-39415278.107307	0.377790	0.398397	0.223812	-45770661.985261	0.382942	0.370922	0.246136	-40856791.234600	0.309388	0.464797	0.225816	-37074312.834510	0.338008	0.443331	0.218661	-35487439.131329	0.346594	0.461362	0.192044	-42773444.033814	0.355467	0.413280	0.231254	-32352795.009635	0.311963	0.498283	0.189754	-32095713.060330	0.314253	0.512879	0.172868	-39122496.046156	0.338008	0.437035	0.224957	-37312065.802993	0.332570	0.461362	0.206068	-34226561.828955	0.357756	0.451059	0.191185	-34744832.040079	0.355180	0.463652	0.181168	-44640953.882210	0.342015	0.399542	0.258443	-40850193.029081	0.356325	0.424442	0.219233	-38024431.333877	0.293074	0.490841	0.216085	-34549397.721262	0.360046	0.455352	0.184602	-36817410.815594	0.314825	0.483114	0.202061	-43901406.008523	0.382942	0.373211	0.243847	-41660229.364077	0.350029	0.421866	0.228105	-32916885.584280	0.327991	0.473383	0.198626	-40115782.609115	0.413280	0.370922	0.215799	-39944880.559233	0.368346	0.392101	0.239554	-28311358.838537	0.292788	0.537207	0.170006	-36461899.726931	0.317401	0.477962	0.204637	-35167956.414194	0.336577	0.474814	0.188609	-40567914.854246	0.372066	0.402118	0.225816	-38906206.016647	0.339439	0.436176	0.224385	-44383022.393417	0.383515	0.386377	0.230109	-34063945.511907	0.321408	0.483400	0.195192	-39762440.817942	0.427304	0.362622	0.210074	-42889379.101086	0.364053	0.400973	0.234974	-40743953.456613	0.359473	0.420149	0.220378	-33983429.832119	0.330567	0.466228	0.203205	-37142308.730194	0.321122	0.469662	0.209216	-40251872.053933	0.356039	0.413852	0.230109	-34050742.469801	0.343732	0.460218	0.196050	-36823031.466017	0.362908	0.430166	0.206926	-40917726.486053	0.356611	0.418718	0.224671	-38048477.485455	0.342301	0.442473	0.215226	-38972192.788851	0.356039	0.422438	0.221523	-35108633.622756	0.324270	0.483400	0.192330	-39043929.655995	0.331139	0.452204	0.216657	-33501735.789493	0.361763	0.463652	0.174585	-33808018.737228	0.299657	0.516027	0.184316	-37217087.979981	0.373784	0.421007	0.205209	-41069623.292817	0.402118	0.363194	0.234688	-31973932.996878	0.300229	0.521179	0.178592	-37897765.680283	0.374928	0.412421	0.212650	-33450679.753570	0.297939	0.511448	0.190612	-35737056.566716	0.382370	0.413280	0.204350	-41192230.793407	0.339725	0.417287	0.242988	-38297966.176014	0.323698	0.456211	0.220092	-40996143.998114	0.366342	0.419576	0.214081	-40359086.614347	0.377504	0.384946	0.237550	-36833999.054850	0.350029	0.435604	0.214367	-39336722.464868	0.377218	0.402977	0.219805	-35380859.495431	0.322553	0.473097	0.204350	-35025576.582005	0.312536	0.491700	0.195764	-38754544.593132	0.325987	0.453635	0.220378	-36435853.688027	0.348598	0.444190	0.207212	-36061592.776366	0.366342	0.445049	0.188609	-36391703.079384	0.383228	0.405266	0.211505	-35375474.856693	0.279908	0.524327	0.195764	-41805591.367378	0.356898	0.412421	0.230681	-32114552.847523	0.346022	0.481397	0.172582	-42469162.695966	0.389811	0.385232	0.224957	-33509609.105236	0.350315	0.453921	0.195764	-35850193.878910	0.311963	0.482255	0.205781	-40010215.718786	0.380366	0.402977	0.216657	-34985615.516137	0.297653	0.495135	0.207212	-37504646.894305	0.311105	0.486262	0.202633	-37471181.490877	0.327705	0.475959	0.196337	-30685263.079847	0.299370	0.548082	0.152547	-31096198.078440	0.301088	0.551517	0.147396	-28167442.123198	0.331998	0.551803	0.116199	-30534382.405673	0.313967	0.532627	0.153406	-30772178.305078	0.334287	0.510017	0.155695	-31210801.253373	0.288495	0.560675	0.150830	-38426028.772041	0.336577	0.485117	0.178306	-34346417.504674	0.311677	0.528907	0.159416	-27892920.724853	0.265598	0.595020	0.139382	-30004113.902363	0.298512	0.559531	0.141958	-37119751.033240	0.406125	0.424442	0.169433	-33363517.701558	0.303950	0.526045	0.170006	-35046536.819201	0.365770	0.441328	0.192902	-31780631.663706	0.322267	0.527189	0.150544	-35555738.022031	0.309674	0.521465	0.168861	-33686722.749485	0.385804	0.424442	0.189754	-27803560.589235	0.312536	0.557813	0.129651	-32375278.918652	0.324556	0.514596	0.160847	-32097513.541891	0.368918	0.481110	0.149971	-37668070.680541	0.265312	0.538924	0.195764	-37322367.140353	0.358329	0.457069	0.184602	-33887100.578494	0.327991	0.493417	0.178592	-28833371.167081	0.317687	0.551231	0.131082	-38308375.306763	0.358615	0.439897	0.201488	-38447696.676633	0.355180	0.451918	0.192902	-30771580.166514	0.321122	0.527476	0.151402	-32595859.348967	0.357470	0.499714	0.142816	-36266565.650930	0.287922	0.525472	0.186606	-34374229.659784	0.405266	0.424728	0.170006	-31140253.625416	0.332284	0.541500	0.126216	-31890107.142193	0.321694	0.508872	0.169433	-35164671.507902	0.387521	0.433028	0.179450	-30141460.429227	0.308243	0.529479	0.162278	-36252042.108012	0.333143	0.488838	0.178019	-27740417.668870	0.330280	0.536920	0.132799	-35245055.178178	0.357470	0.470235	0.172295	-31888099.963816	0.289067	0.563824	0.147109	-32043356.040140	0.341156	0.476245	0.182599	-32120971.639956	0.337722	0.506297	0.155982	-32749693.396095	0.357756	0.491128	0.151116	-32428248.997976	0.348025	0.496852	0.155123	-28496987.944045	0.320263	0.554665	0.125072	-32994060.237721	0.331139	0.517459	0.151402	-31897934.080989	0.306812	0.524614	0.168575	-32346130.638475	0.292215	0.563251	0.144533	-31010107.994843	0.329422	0.520607	0.149971	-37846958.524476	0.363766	0.450773	0.185461	-27236755.304190	0.281053	0.575844	0.143102	-34876420.771129	0.307670	0.523469	0.168861	-28645561.392287	0.316256	0.548941	0.134803	-29262730.974521	0.328563	0.545507	0.125930	-30934035.729169	0.333143	0.530338	0.136520	-33468008.081991	0.330280	0.532055	0.137665	-36162569.387639	0.347167	0.466228	0.186606	-29206464.912365	0.302232	0.581855	0.115913	-34538375.945696	0.354894	0.455352	0.189754	-28322748.815303	0.358329	0.490269	0.151402	-31334725.800968	0.358329	0.476531	0.165140	-33386894.059505	0.315112	0.526045	0.158844	-36680427.349373	0.331998	0.485690	0.182313	-35478758.469231	0.337436	0.473383	0.189181	-30454070.439166	0.307098	0.537207	0.155695	-28318547.765462	0.278764	0.578706	0.142530	-33336512.550187	0.347453	0.498855	0.153692	-33697581.094953	0.306239	0.515169	0.178592	-34122505.358725	0.335146	0.494276	0.170578	-27945043.390025	0.277619	0.586434	0.135947	-29535395.342146	0.293932	0.559244	0.146823	-25598496.826141	0.369777	0.532914	0.097310	-30981868.120844	0.320263	0.531769	0.147968	-33462948.286493	0.326274	0.517745	0.155982	-31169421.531004	0.314825	0.541500	0.143675	-30177070.773622	0.332570	0.508300	0.159130	-28628795.558265	0.293646	0.547510	0.158844	-30852997.811680	0.293360	0.540927	0.165713	-25937963.141625	0.361763	0.516886	0.121351	-38326953.225591	0.378077	0.439611	0.182313	-28576789.383825	0.294791	0.575844	0.129365	-32374096.599338	0.283057	0.546365	0.170578	-36413853.725529	0.345736	0.475959	0.178306	-31612954.516151	0.292215	0.544648	0.163137	-37078745.256588	0.326846	0.487979	0.185175	-36492859.790486	0.336291	0.477104	0.186606	-31825064.270957	0.387235	0.444762	0.168002	-31903419.881732	0.259302	0.556382	0.184316	-28742599.592506	0.303091	0.535489	0.161420	-34947018.487065	0.311677	0.522038	0.166285	-35950578.289745	0.359187	0.467373	0.173440	-29918302.398895	0.353177	0.487979	0.158844	-35911221.862173	0.358615	0.463080	0.178306	-35871041.627139	0.357470	0.457928	0.184602	-31765929.018519	0.370349	0.482828	0.146823	-36935961.881497	0.348025	0.449914	0.202061	-33074729.548713	0.322553	0.518890	0.158558	-32791161.197225	0.360046	0.502576	0.137378	-38527255.826255	0.357756	0.448483	0.193761	-29813328.214626	0.293932	0.581282	0.124785	-34197637.275915	0.316543	0.511162	0.172295	-32559121.903808	0.401259	0.450487	0.148254	-32362321.384658	0.363766	0.475386	0.160847	-33648036.742084	0.347739	0.502862	0.149399	-29387973.976436	0.343446	0.507441	0.149113	-32536514.328993	0.313108	0.530624	0.156268	-35476199.310735	0.320550	0.490269	0.189181	-31637719.155413	0.378363	0.486548	0.135089	-32518528.239148	0.365770	0.471666	0.162564	-33656759.716617	0.302519	0.522610	0.174871	-35917526.447607	0.296222	0.516314	0.187464	-32770172.290649	0.355467	0.496279	0.148254	-28146148.420611	0.320836	0.556096	0.123068	-30010457.217678	0.291929	0.534917	0.173154	-28559924.890182	0.336291	0.528334	0.135375	-38936448.386806	0.339725	0.470235	0.190040	-29351007.892363	0.351173	0.515741	0.133085	-31681287.139408	0.311391	0.538638	0.149971	-33936201.873700	0.375501	0.452490	0.172009	-33750835.494978	0.375215	0.472238	0.152547	-31395317.378811	0.387521	0.453062	0.159416	-37176662.895835	0.420435	0.401832	0.177733	-37815074.937498	0.327132	0.498855	0.174013	-37525031.990113	0.370063	0.422438	0.207499	-34938291.028244	0.352891	0.491128	0.155982	-25775204.470809	0.334001	0.540641	0.125358	-32670869.691701	0.353177	0.494848	0.151975	-35726150.426142	0.379794	0.449914	0.170292	-31614804.462821	0.311677	0.534917	0.153406	-35096144.472586	0.349456	0.468804	0.181740	-29046002.532913	0.370063	0.497424	0.132513	-36890925.170390	0.232971	0.496279	0.270750	-27217623.391525	0.371780	0.457069	0.171151	-26851362.544151	0.309101	0.508300	0.182599	-25802122.631618	0.395535	0.467659	0.136806	-25521872.776355	0.307670	0.517172	0.175157	-28756819.737692	0.330567	0.504293	0.165140	-24887520.520673	0.374356	0.476817	0.148827	-24426646.149491	0.336577	0.511448	0.151975	-30581818.148521	0.301374	0.491128	0.207499	-24821540.151042	0.348884	0.511162	0.139954	-25947144.738749	0.336291	0.507728	0.155982	-29664023.417261	0.303663	0.507728	0.188609	-28413576.291323	0.370635	0.462793	0.166571	-27769019.163800	0.274471	0.530910	0.194619	-24007156.972483	0.366342	0.493990	0.139668	-23967477.487503	0.385232	0.482541	0.132227	-28321193.798487	0.279050	0.529479	0.191471	-28201521.565781	0.303091	0.520607	0.176302	-29140125.567350	0.307098	0.513165	0.179737	-24939908.698060	0.332570	0.519748	0.147682	-24750151.114275	0.308815	0.522610	0.168575	-27342637.516382	0.275043	0.540641	0.184316	-36191857.601130	0.276474	0.478248	0.245278	-26854263.500646	0.315684	0.522324	0.161992	-23594052.739448	0.333143	0.527189	0.139668	-24792210.232694	0.303950	0.531483	0.164568	-23611582.802831	0.328277	0.523469	0.148254	-25131775.350129	0.334287	0.507728	0.157985	-23070167.046199	0.334287	0.520893	0.144820	-23762833.936544	0.384087	0.493417	0.122496	-30061027.734520	0.293074	0.493417	0.213509	-27843771.903840	0.267029	0.539782	0.193188	-24782883.832679	0.316256	0.535489	0.148254	-23359426.436731	0.344305	0.514310	0.141385	-24165856.030957	0.436749	0.449056	0.114196	-26850215.106327	0.284774	0.540641	0.174585	-23552584.317978	0.388094	0.492845	0.119061	-22372505.465078	0.394104	0.491986	0.113910	-30505107.211332	0.388380	0.437321	0.174299	-29289895.295058	0.278477	0.525758	0.195764	-23606566.844834	0.433887	0.451918	0.114196	-32186104.143928	0.311391	0.467945	0.220664	-25061529.935360	0.335146	0.521752	0.143102	-32502551.363283	0.428163	0.388952	0.182885	-24927062.999746	0.402118	0.460218	0.137665	-23270567.222516	0.359760	0.511162	0.129078	-25230108.459845	0.346308	0.508872	0.144820	-25121370.964632	0.310819	0.516600	0.172582	-28210823.407902	0.295363	0.520321	0.184316	-24554069.988497	0.344018	0.502290	0.153692	-26225408.272759	0.339439	0.496566	0.163995	-23760039.509747	0.323412	0.516886	0.159702	-32140413.241143	0.301374	0.483114	0.215512	-24887779.831458	0.350315	0.500286	0.149399	-27258339.484024	0.338580	0.484831	0.176588	-33099571.650860	0.374928	0.414997	0.210074	-31890367.377943	0.378935	0.412421	0.208643	-25154386.077950	0.310819	0.522896	0.166285	-23860904.555729	0.342015	0.519748	0.138237	-24772019.044294	0.321408	0.525758	0.152833	-23764547.915886	0.412994	0.471666	0.115341	-27258291.509784	0.336863	0.488266	0.174871	-24106424.173576	0.303091	0.540927	0.155982	-29636455.259855	0.334001	0.477390	0.188609	-25676627.623584	0.289926	0.530052	0.180023	-26064677.512341	0.319977	0.514310	0.165713	-24068396.569984	0.322839	0.536348	0.140813	-29261073.852747	0.277046	0.518890	0.204064	-23941794.036244	0.376359	0.509731	0.113910	-30115355.723489	0.269319	0.531769	0.198912	-27257359.578141	0.334574	0.507728	0.157699	-25075654.071426	0.333429	0.518031	0.148540	-33265819.316009	0.345163	0.455066	0.199771	-40611862.813140	0.324270	0.426445	0.249284	-24393955.088424	0.322839	0.526331	0.150830	-24964296.537994	0.314253	0.518031	0.167716	-31332811.855549	0.301088	0.488552	0.210361	-24856684.809665	0.339725	0.508014	0.152261	-31150966.782968	0.299943	0.479107	0.220950	-24337194.109422	0.375215	0.492845	0.131940	-33404109.490759	0.246422	0.516886	0.236691	-28083465.735473	0.345736	0.471093	0.183171	-27873727.773198	0.369204	0.461362	0.169433	-25759103.969710	0.436749	0.444190	0.119061	-26212331.615290	0.271895	0.558958	0.169147	-25468291.831257	0.304808	0.534631	0.160561	-23717074.843030	0.347739	0.514883	0.137378	-29382446.763655	0.346308	0.466514	0.187178	-28958015.363608	0.318546	0.489697	0.191757	-29352155.895366	0.321408	0.481969	0.196623	-28784491.141212	0.267029	0.544076	0.188895	-23916630.327918	0.344018	0.520607	0.135375	-28405392.908919	0.343732	0.471380	0.184888	-24653879.654384	0.415283	0.443045	0.141671	-23642432.613989	0.320836	0.542645	0.136520	-24817555.933753	0.285633	0.544934	0.169433	-28433440.450438	0.353463	0.468517	0.178019	-25198455.037082	0.323125	0.515741	0.161133	-27098976.226173	0.292215	0.529765	0.178019	-27816547.995809	0.303950	0.509159	0.186892	-25135957.488481	0.328277	0.531196	0.140527	-30485172.280987	0.388666	0.420721	0.190612	-24803228.591042	0.328849	0.513452	0.157699	-25654064.242153	0.306525	0.530910	0.162564	-24371873.671301	0.327991	0.526331	0.145678	-28270962.811213	0.306239	0.510017	0.183744	-26727213.236501	0.287636	0.539496	0.172868	-26943833.786375	0.348311	0.475959	0.175730	-26037215.423826	0.322839	0.525186	0.151975	-25968556.728294	0.311391	0.523755	0.164854	-25069360.261965	0.362049	0.476531	0.161420	-24088747.673303	0.327132	0.514883	0.157985	-38249764.523914	0.355180	0.405266	0.239554	-25722225.308541	0.327991	0.500286	0.171723	-24447108.244965	0.372066	0.488552	0.139382	-29460989.769508	0.296795	0.500286	0.202919	-33431357.485162	0.287350	0.486835	0.225816	-28446257.350489	0.300229	0.497138	0.202633	-26963497.112425	0.333143	0.490841	0.176016	-25790355.814902	0.367201	0.478248	0.154551	-28388189.798327	0.343732	0.480538	0.175730	-24082194.255497	0.377790	0.500286	0.121923	-24138926.178514	0.356325	0.496279	0.147396	-26014122.942175	0.341156	0.508872	0.149971	-24333163.857408	0.330567	0.512593	0.156840	-26687806.902712	0.321694	0.514024	0.164282	-24890760.737977	0.350315	0.486835	0.162851	-26518022.176054	0.267602	0.544362	0.188037	-69648265.897411	0.207785	0.337149	0.455066	-67897496.457757	0.207785	0.350029	0.442187	-74190775.952978	0.208930	0.308529	0.482541	-66028890.270929	0.207212	0.354322	0.438466	-70070628.312968	0.209216	0.333715	0.457069	-73098310.716502	0.205781	0.322839	0.471380	-70901036.549829	0.198054	0.336577	0.465369	-71674927.850291	0.215226	0.319405	0.465369	-65827222.536934	0.223526	0.339153	0.437321	-77615139.339355	0.209502	0.293646	0.496852	-75589909.536104	0.224957	0.293646	0.481397	-73004215.559579	0.208071	0.321122	0.470807	-70168082.005320	0.210074	0.338008	0.451918	-58030495.646963	0.199771	0.404980	0.395249	-74998087.903374	0.198912	0.315398	0.485690	-69634562.021527	0.205209	0.342015	0.452776	-72269527.023796	0.205495	0.325701	0.468804	-70479462.184270	0.203205	0.337722	0.459073	-69786447.349684	0.209788	0.333143	0.457069	-73778996.927122	0.204923	0.315684	0.479393	-72470670.906368	0.217516	0.317687	0.464797	-70302041.788771	0.220092	0.334574	0.445335	-77595104.424794	0.202633	0.290212	0.507155	-66893414.231262	0.198340	0.356611	0.445049	-69990863.036530	0.209216	0.340870	0.449914	-73669563.982491	0.202919	0.319405	0.477676	-71297367.051251	0.200343	0.334287	0.465369	-76013778.474408	0.216085	0.292215	0.491700	-71836686.269516	0.217516	0.319691	0.462793	-70601795.361558	0.211219	0.327991	0.460790	-69149694.437960	0.195192	0.346308	0.458500	-71880749.605577	0.198626	0.323412	0.477962	-71354447.669268	0.220092	0.313967	0.465942	-73468879.108887	0.215799	0.314825	0.469376	-69112149.370850	0.198054	0.345449	0.456497	-71938170.695492	0.202061	0.329136	0.468804	-77668302.991179	0.206354	0.299657	0.493990	-70646430.556256	0.203492	0.336291	0.460218	-72092918.453162	0.211792	0.318260	0.469948	-72438608.402551	0.203205	0.327132	0.469662	-76277487.477665	0.203205	0.303663	0.493131	-71256613.800338	0.205209	0.331712	0.463080	-76270327.053174	0.220664	0.295363	0.483973	-62630370.113239	0.212364	0.376932	0.410704	-76479909.142948	0.214367	0.301660	0.483973	-72174421.628344	0.195478	0.327132	0.477390	-69840258.605821	0.200916	0.339153	0.459931	-79851300.979980	0.224957	0.270464	0.504579	-72973667.299702	0.204637	0.321694	0.473669	-73580107.429304	0.203205	0.312822	0.483973	-69804843.074238	0.189468	0.345163	0.465369	-61814784.553691	0.205209	0.381797	0.412994	-70724481.625450	0.213509	0.328563	0.457928	-71044584.641772	0.198912	0.328849	0.472238	-72553103.423252	0.201488	0.327132	0.471380	-79277601.320345	0.206068	0.281339	0.512593	-72856089.720741	0.215799	0.311105	0.473097	-78268209.213936	0.211505	0.286777	0.501717	-72482683.881427	0.224385	0.305667	0.469948	-76372826.536619	0.214940	0.287350	0.497710	-70584746.175437	0.202061	0.335718	0.462221	-73300744.472727	0.205781	0.321122	0.473097	-74103250.807365	0.201202	0.314539	0.484259	-75284241.271056	0.207785	0.309101	0.483114	-72702821.964484	0.222667	0.314253	0.463080	-76098989.157696	0.203205	0.299084	0.497710	-69025540.405337	0.209502	0.340584	0.449914	-79674077.398796	0.218947	0.274757	0.506297	-74849347.642090	0.214654	0.296795	0.488552	-63086620.484756	0.199485	0.374928	0.425587	-68467490.335393	0.209502	0.346308	0.444190	-72220617.677731	0.195478	0.327705	0.476817	-74565195.545021	0.201774	0.315684	0.482541	-73212424.364495	0.202919	0.326274	0.470807	-66947733.944349	0.216371	0.344591	0.439038	-74005821.604909	0.216943	0.310819	0.472238	-73159679.170985	0.204923	0.325701	0.469376	-81088012.791771	0.209502	0.267029	0.523469	-78646591.450427	0.210074	0.283915	0.506010	-65775035.290127	0.200630	0.362335	0.437035	-67149929.401980	0.211792	0.347453	0.440756	-75483865.382622	0.208071	0.301374	0.490555	-78988178.875620	0.212364	0.273612	0.514024	-72134992.974641	0.200057	0.328563	0.471380	-72632136.624904	0.193761	0.326846	0.479393	-73595246.026881	0.200343	0.316829	0.482828	-75886189.732573	0.208071	0.292501	0.499428	-72760793.324527	0.223812	0.307670	0.468517	-68388811.105286	0.224957	0.338294	0.436749	-59287807.647609	0.212650	0.390097	0.397252	-69302281.839518	0.204637	0.342873	0.452490	-74987741.277626	0.204637	0.312536	0.482828	-67357091.495003	0.228964	0.334287	0.436749	-74636113.962530	0.206068	0.311105	0.482828	-80122943.124292	0.203205	0.273039	0.523755	-70041077.545978	0.195192	0.345163	0.459645	-72248744.263374	0.203778	0.327132	0.469090	-74315985.025645	0.212364	0.302805	0.484831	-71969214.560545	0.196623	0.325129	0.478248	-63145950.416573	0.201202	0.379794	0.419004	-66803417.607722	0.200343	0.356039	0.443618	-72001682.396687	0.198054	0.323984	0.477962	-80190430.400706	0.212078	0.275902	0.512021	-68655425.811374	0.210361	0.344305	0.445335	-67424627.858183	0.211792	0.340298	0.447911	-71555399.142963	0.208930	0.324843	0.466228	-61923175.087163	0.202919	0.374070	0.423011	-64661506.896200	0.201488	0.371208	0.427304	-69882167.444696	0.199485	0.340584	0.459931	-75227165.437854	0.201202	0.308815	0.489983	-77496709.068424	0.208930	0.289639	0.501431	-77555811.040437	0.202061	0.294791	0.503148	-75601873.744070	0.203205	0.308815	0.487979	-69578100.965458	0.219519	0.330853	0.449628	-81528392.659044	0.207499	0.270750	0.521752	-70198576.844657	0.210933	0.335718	0.453349	-78609031.884462	0.203778	0.287636	0.508586	-76772068.261734	0.223526	0.293646	0.482828	-69240343.347588	0.206926	0.339153	0.453921	-80502879.259968	0.206068	0.273612	0.520321	-76975473.784191	0.211219	0.295363	0.493417	-68964112.362755	0.207499	0.342587	0.449914	-73307982.536741	0.208071	0.306812	0.485117	-64837767.070762	0.223526	0.350887	0.425587	-73373183.912447	0.215226	0.309674	0.475100	-67571820.175849	0.216371	0.346594	0.437035	-72108331.643213	0.213795	0.317687	0.468517	-73508852.135785	0.202919	0.319405	0.477676	-57030864.644784	0.197481	0.414711	0.387808	-68829455.974515	0.196909	0.350887	0.452204	-64616811.201272	0.211219	0.364053	0.424728	-57284310.390815	0.207499	0.404121	0.388380	-63221162.603853	0.208357	0.371208	0.420435	-71592587.750194	0.205209	0.328563	0.466228	-68646819.647067	0.205209	0.345163	0.449628	-74740609.706184	0.219233	0.307098	0.473669	-66693957.869803	0.208357	0.351460	0.440183	-64851625.759627	0.201488	0.367487	0.431025	-65799594.987820	0.210074	0.356039	0.433887	-66044390.971511	0.207499	0.359187	0.433314	-59672876.320075	0.195764	0.401259	0.402977	-59021310.543596	0.205781	0.387808	0.406411	-63460706.788049	0.215226	0.372066	0.412707	-64088059.099187	0.203205	0.368918	0.427876	-62364927.999703	0.197481	0.382084	0.420435	-55815671.542127	0.210074	0.412707	0.377218	-61405191.755524	0.186033	0.390670	0.423297	-59948298.509710	0.200343	0.393532	0.406125	-62515640.745286	0.217802	0.370349	0.411849	-67685058.300143	0.198054	0.354894	0.447052	-60083354.172785	0.208930	0.385804	0.405266	-68539512.300329	0.194906	0.349170	0.455924	-63476245.573423	0.192044	0.376359	0.431597	-61098672.508591	0.216657	0.376932	0.406411	-57287346.409775	0.200343	0.408701	0.390956	-65348463.774592	0.207499	0.360618	0.431883	-63295327.718361	0.222667	0.361191	0.416142	-66528763.072595	0.207785	0.356325	0.435890	-44601774.136441	0.197768	0.473383	0.328849	-64878576.413309	0.200630	0.367773	0.431597	-60808353.988605	0.207785	0.386377	0.405839	-65210962.625092	0.208357	0.361477	0.430166	-64444309.505039	0.195478	0.373211	0.431311	-70436315.065099	0.198054	0.340011	0.461935	-65539810.977712	0.201774	0.364053	0.434173	-59659231.179685	0.199485	0.398111	0.402404	-60746536.642125	0.195764	0.394104	0.410132	-62723370.045756	0.197768	0.382084	0.420149	-68985239.231207	0.223240	0.334574	0.442187	-58163159.052463	0.204923	0.394390	0.400687	-62431219.357181	0.188323	0.383228	0.428449	-60263560.763888	0.200057	0.394390	0.405552	-60433555.917784	0.211505	0.388952	0.399542	-56357987.231773	0.202919	0.413852	0.383228	-56059906.517053	0.194047	0.418718	0.387235	-57960011.545121	0.198912	0.401832	0.399256	-68168894.264403	0.207212	0.349456	0.443331	-66124925.918114	0.206926	0.359473	0.433600	-64911510.861874	0.206068	0.364625	0.429307	-68064990.750888	0.202347	0.348025	0.449628	-59534179.886216	0.210074	0.383801	0.406125	-61186581.815998	0.190326	0.390956	0.418718	-60187545.625471	0.198340	0.394390	0.407270	-61410511.508197	0.205209	0.387235	0.407556	-60432149.506793	0.212936	0.386090	0.400973	-65720851.346643	0.207785	0.360046	0.432169	-65392432.033789	0.206354	0.365770	0.427876	-61009001.228053	0.207212	0.380080	0.412707	-56053421.960449	0.213223	0.411563	0.375215	-57595425.449799	0.202061	0.404408	0.393532	-63416585.929190	0.198912	0.373497	0.427590	-60952869.434788	0.200630	0.391242	0.408128	-59594266.438465	0.198340	0.399828	0.401832	-68833813.164015	0.203205	0.343732	0.453062	-60553371.953769	0.206640	0.386377	0.406983	-54473368.825643	0.213223	0.411563	0.375215	-55904603.065951	0.200343	0.413566	0.386090	-54291879.690029	0.209502	0.411849	0.378649	-56942159.786692	0.200343	0.411849	0.387808	-63660429.696934	0.197481	0.375787	0.426732	-60184486.557152	0.191471	0.398111	0.410418	-62275296.639575	0.196337	0.379794	0.423869	-63466898.871453	0.201774	0.376359	0.421866	-73786274.019706	0.211792	0.316256	0.471952	-69096631.477729	0.220950	0.335432	0.443618	-68251953.074464	0.198054	0.352032	0.449914	-58978057.126716	0.214654	0.389811	0.395535	-53578851.281063	0.199199	0.430452	0.370349	-67731335.245470	0.200057	0.348598	0.451345	-55590327.395546	0.198340	0.421007	0.380653	-60504381.474932	0.196050	0.389525	0.414425	-60827298.025880	0.202919	0.390384	0.406697	-64368477.567421	0.194047	0.374928	0.431025	-57939163.940633	0.199485	0.402977	0.397539	-61003095.861170	0.209216	0.376932	0.413852	-55200962.130655	0.193188	0.421866	0.384946	-57350857.847693	0.192902	0.413280	0.393818	-59691213.775089	0.201774	0.392387	0.405839	-62517181.154906	0.195192	0.382084	0.422725	-68096652.815904	0.204350	0.352604	0.443045	-56293374.511198	0.197768	0.413852	0.388380	-56724647.566957	0.211505	0.410132	0.378363	-65749713.981385	0.228964	0.345163	0.425873	-58189048.625600	0.206354	0.399256	0.394390	-63012735.440955	0.205209	0.379222	0.415570	-62688465.230435	0.196623	0.380653	0.422725	-62604619.872758	0.193475	0.380366	0.426159	-59195173.767357	0.199771	0.399256	0.400973	-62630818.247093	0.201488	0.376646	0.421866	-62029534.374311	0.200630	0.384946	0.414425	-57701790.813776	0.201774	0.402690	0.395535	-69374358.402552	0.202061	0.343732	0.454207	-61995630.038587	0.208357	0.377790	0.413852	-63588467.905160	0.206354	0.374356	0.419290	-69675643.378657	0.201202	0.342015	0.456783	-63817456.002625	0.201202	0.371494	0.427304	-59743962.836730	0.202347	0.393818	0.403835	-63142080.707242	0.202347	0.375215	0.422438	-62553024.260354	0.198054	0.381225	0.420721	-58378699.662795	0.196623	0.401832	0.401546	-57940184.702469	0.208357	0.403263	0.388380	-58371932.482786	0.198626	0.402690	0.398683	-64975181.036669	0.199485	0.367487	0.433028	-67048092.977289	0.200343	0.353749	0.445907	-59647948.855024	0.212364	0.381797	0.405839	-62472074.922127	0.210361	0.379794	0.409845	-57871965.447389	0.208071	0.403263	0.388666	-68163766.562738	0.206354	0.350029	0.443618	-62186760.978689	0.197195	0.382942	0.419863	-62930049.463979	0.200343	0.378077	0.421580	-56548767.361005	0.200916	0.410132	0.388952	-66036062.588443	0.222667	0.352891	0.424442	-61831119.234893	0.205495	0.384373	0.410132	-60574891.192410	0.190612	0.394104	0.415283	-59667006.115058	0.196050	0.388666	0.415283	-57357510.300374	0.196337	0.409559	0.394104	-32377017.080899	0.227819	0.530052	0.242129	-32029303.408553	0.225816	0.538638	0.235547	-28996114.938735	0.223812	0.554379	0.221809	-29457530.635347	0.253291	0.531196	0.215512	-33170365.211698	0.205495	0.550372	0.244133	-28768378.277326	0.280481	0.510876	0.208643	-35302639.624642	0.195192	0.534345	0.270464	-31031806.480449	0.219519	0.542072	0.238409	-35098245.137778	0.208643	0.530338	0.261019	-33207474.505014	0.243274	0.515455	0.241271	-26741945.013166	0.269319	0.528334	0.202347	-35507074.887019	0.194047	0.538924	0.267029	-32948909.137226	0.238981	0.521752	0.239267	-38599320.376225	0.271608	0.465655	0.262736	-28581082.295450	0.243847	0.545793	0.210361	-30186744.308608	0.255581	0.518603	0.225816	-30352935.354344	0.226674	0.552948	0.220378	-28128934.833603	0.237264	0.555524	0.207212	-43380132.318660	0.243560	0.451059	0.305381	-29985594.802805	0.260160	0.529193	0.210647	-28213098.280812	0.214081	0.580424	0.205495	-43584582.743502	0.242416	0.457069	0.300515	-35992703.482341	0.250716	0.483686	0.265598	-36916492.697141	0.250429	0.489124	0.260446	-33292594.533393	0.205209	0.537493	0.257298	-35891259.669267	0.245850	0.506010	0.248140	-29556520.142882	0.245850	0.544648	0.209502	-34956175.251726	0.256440	0.495993	0.247567	-36300625.259682	0.298226	0.452776	0.248998	-35784193.287883	0.278764	0.481397	0.239840	-31273692.952344	0.261305	0.507155	0.231540	-29858085.697414	0.219805	0.556669	0.223526	-32478734.675056	0.217802	0.541786	0.240412	-34089438.063335	0.234688	0.518317	0.246995	-36776917.857727	0.277905	0.459931	0.262164	-33954771.056167	0.261591	0.484259	0.254150	-32520613.554854	0.274757	0.502862	0.222381	-33068463.609574	0.199199	0.542931	0.257871	-30908306.004974	0.240126	0.526045	0.233829	-27603657.373574	0.229823	0.574413	0.195764	-30201004.551068	0.231826	0.538065	0.230109	-32530949.854436	0.228964	0.529765	0.241271	-33652286.641088	0.240985	0.520893	0.238122	-31968583.483348	0.212078	0.544076	0.243847	-30398512.084048	0.230109	0.541500	0.228392	-30445732.094353	0.268174	0.511162	0.220664	-36775026.984029	0.210647	0.508300	0.281053	-28365207.097484	0.236119	0.548655	0.215226	-32560779.120379	0.237836	0.529765	0.232398	-25670069.485440	0.275902	0.538351	0.185747	-34501045.917756	0.212078	0.530624	0.257298	-35318229.016034	0.231540	0.506869	0.261591	-32183181.225576	0.232112	0.537493	0.230395	-33952602.163273	0.253578	0.493703	0.252719	-32959274.230695	0.214367	0.539496	0.246136	-28822344.674787	0.214367	0.562679	0.222954	-35078468.595785	0.253005	0.496279	0.250716	-28489971.757674	0.255581	0.530910	0.213509	-34085872.858114	0.197481	0.550944	0.251574	-43312298.290550	0.299084	0.397539	0.303377	-27795407.244713	0.261878	0.531196	0.206926	-35886715.874329	0.254150	0.489124	0.256726	-27534031.306750	0.212078	0.575844	0.212078	-30617312.147103	0.233257	0.543503	0.223240	-40012380.871706	0.249857	0.471093	0.279050	-32598082.174498	0.257012	0.519748	0.223240	-36803134.550526	0.259588	0.492559	0.247853	-33673473.341837	0.244133	0.517459	0.238409	-36592459.329310	0.196909	0.531483	0.271608	-34147887.236292	0.278764	0.471093	0.250143	-32450132.517406	0.228392	0.533772	0.237836	-37469010.098933	0.219519	0.503434	0.277046	-32853964.951015	0.217802	0.534345	0.247853	-32012660.578312	0.242416	0.514883	0.242702	-30754298.095729	0.226102	0.546938	0.226961	-34264047.906918	0.237836	0.506869	0.255295	-31197038.026916	0.232398	0.538924	0.228678	-32634843.883634	0.253578	0.514596	0.231826	-26634656.778778	0.253578	0.554665	0.191757	-34106517.014338	0.229823	0.518603	0.251574	-26583931.638676	0.244705	0.558386	0.196909	-32597374.565545	0.279050	0.487121	0.233829	-30000801.909149	0.242129	0.535203	0.222667	-28618841.811491	0.268746	0.528048	0.203205	-34311729.953170	0.246995	0.505152	0.247853	-31965355.669324	0.198340	0.560962	0.240698	-33933518.421534	0.224957	0.521752	0.253291	-37462715.122056	0.288495	0.447911	0.263595	-26337454.142859	0.259015	0.548082	0.192902	-32497266.814799	0.226961	0.536634	0.236405	-31984631.399981	0.248998	0.525186	0.225816	-30684074.656108	0.237550	0.532341	0.230109	-31489927.383653	0.198626	0.560962	0.240412	-34289136.785315	0.223526	0.528907	0.247567	-39461416.632545	0.265312	0.466800	0.267888	-33413278.307570	0.221523	0.520607	0.257871	-41457086.853302	0.246709	0.462221	0.291070	-36804818.532977	0.239267	0.488266	0.272467	-35409347.404338	0.236691	0.496279	0.267029	-31755144.388739	0.244991	0.518603	0.236405	-31558395.933498	0.249284	0.519748	0.230967	-33985373.451729	0.257871	0.504007	0.238122	-33504435.045110	0.221236	0.529193	0.249571	-26057216.563681	0.230967	0.577562	0.191471	-32099477.005580	0.242129	0.528620	0.229250	-36803592.414273	0.265026	0.479107	0.255867	-29348973.057774	0.220378	0.561248	0.218374	-34212028.634758	0.224957	0.523755	0.251288	-32738929.174675	0.262450	0.506010	0.231540	-28699841.719039	0.259302	0.531196	0.209502	-37880669.198873	0.203492	0.507441	0.289067	-35107463.484386	0.259588	0.483686	0.256726	-40221804.980255	0.235547	0.482255	0.282198	-37403265.225195	0.196337	0.521465	0.282198	-38484184.958810	0.251288	0.479393	0.269319	-25164715.200534	0.282770	0.550086	0.167144	-35563307.203071	0.207499	0.522896	0.269605	-33889351.512074	0.241557	0.516886	0.241557	-27697890.312599	0.258443	0.552662	0.188895	-31781874.657635	0.213509	0.549800	0.236691	-31112223.345764	0.237550	0.539496	0.222954	-30748881.048217	0.218661	0.550372	0.230967	-36742101.988865	0.232112	0.496279	0.271608	-34352729.062220	0.223240	0.525758	0.251002	-32135723.013120	0.218374	0.538638	0.242988	-43545285.529185	0.249571	0.451345	0.299084	-31071596.762292	0.234974	0.532341	0.232685	-31980992.174257	0.222954	0.541500	0.235547	-21238720.055320	0.431883	0.525472	0.042645	-21799300.418954	0.381225	0.536920	0.081855	-20057144.609533	0.362335	0.580996	0.056669	-37020053.604845	0.365197	0.469948	0.164854	-25130861.035562	0.360618	0.546938	0.092444	-23272345.141457	0.356039	0.557527	0.086434	-23653111.523620	0.315398	0.576703	0.107899	-19648078.693852	0.407842	0.556669	0.035489	-20327774.877110	0.369204	0.565255	0.065541	-23139121.006048	0.408414	0.536920	0.054665	-22593956.961310	0.360046	0.578993	0.060962	-21436436.363281	0.419004	0.508586	0.072410	-22955320.513184	0.449914	0.482541	0.067544	-20744743.565398	0.442473	0.501145	0.056382	-27136218.240851	0.275615	0.587293	0.137092	-22121106.111627	0.423011	0.502290	0.074699	-23224322.758635	0.306812	0.595879	0.097310	-22138976.700930	0.390097	0.535489	0.074413	-24044320.475769	0.334001	0.575272	0.090727	-29174634.955520	0.374642	0.522610	0.102748	-29677702.993932	0.477676	0.421580	0.100744	-21268809.707739	0.412994	0.523469	0.063537	-22256800.810935	0.364911	0.587006	0.048082	-22579041.697958	0.391815	0.539210	0.068975	-28892617.241729	0.375787	0.491414	0.132799	-26964175.181226	0.408987	0.488838	0.102175	-22004863.899718	0.340298	0.584717	0.074986	-22502046.679471	0.350315	0.556382	0.093303	-22193581.883951	0.404408	0.542358	0.053234	-20963596.275026	0.429021	0.528334	0.042645	-23036578.270400	0.340298	0.548655	0.111048	-30253998.553642	0.463938	0.412707	0.123354	-26987873.032905	0.290784	0.588437	0.120778	-29050218.912151	0.451918	0.446193	0.101889	-31799928.836520	0.335718	0.513452	0.150830	-28753547.224122	0.337436	0.551517	0.111048	-26824675.898248	0.363480	0.529765	0.106754	-23431684.028622	0.359187	0.540069	0.100744	-23841459.385037	0.327132	0.573268	0.099599	-22139333.014074	0.388952	0.541500	0.069548	-23562123.947317	0.375501	0.532914	0.091586	-32031569.200458	0.313967	0.557813	0.128220	-23053533.781202	0.410418	0.544362	0.045220	-21394520.653336	0.416714	0.534917	0.048369	-23762258.028015	0.398397	0.536062	0.065541	-20646170.205604	0.389239	0.545793	0.064969	-23062804.623936	0.355467	0.570406	0.074127	-24335300.820330	0.358615	0.562106	0.079279	-31866398.166937	0.327991	0.508300	0.163709	-24549133.652153	0.298798	0.582141	0.119061	-21229702.455112	0.393246	0.551803	0.054951	-21627627.473805	0.398111	0.535776	0.066113	-24931283.732685	0.372639	0.575844	0.051517	-23360446.855673	0.375215	0.533772	0.091013	-20677010.334193	0.355180	0.589868	0.054951	-23744988.524532	0.314539	0.572982	0.112479	-26808459.160723	0.348598	0.519748	0.131654	-24812784.736651	0.403549	0.520321	0.076131	-21231275.707082	0.345449	0.585003	0.069548	-24933211.205143	0.370922	0.542358	0.086720	-23584778.957123	0.312536	0.579851	0.107613	-22570456.064105	0.413852	0.515455	0.070693	-22252792.271624	0.360046	0.570979	0.068975	-21819868.016351	0.378077	0.560103	0.061820	-21371592.051791	0.341442	0.589582	0.068975	-22253996.396328	0.400687	0.525472	0.073841	-22536733.510385	0.389239	0.539210	0.071551	-26016681.692159	0.313394	0.598168	0.088437	-27894535.200360	0.311105	0.562393	0.126503	-22068871.098999	0.364911	0.554093	0.080996	-27447741.738463	0.402977	0.472811	0.124213	-24779585.158502	0.301660	0.585861	0.112479	-24869345.315933	0.289353	0.594161	0.116485	-20007549.306242	0.369491	0.566972	0.063537	-27700221.415467	0.378077	0.501717	0.120206	-21107976.486080	0.326846	0.590441	0.082713	-23504256.346331	0.289353	0.628506	0.082141	-20558332.293185	0.427018	0.532914	0.040069	-23036249.671893	0.338580	0.575844	0.085575	-27187648.396286	0.331425	0.547796	0.120778	-27404659.023410	0.341156	0.530910	0.127934	-24128509.380924	0.362049	0.508586	0.129365	-20325387.919613	0.390384	0.542358	0.067258	-24309263.157056	0.397539	0.522324	0.080137	-24159752.485592	0.354894	0.546651	0.098454	-19596358.148669	0.402977	0.561534	0.035489	-24333281.608982	0.363480	0.534631	0.101889	-19825769.361380	0.320263	0.621065	0.058672	-21117250.660185	0.435031	0.518031	0.046938	-27150664.366103	0.346880	0.553807	0.099313	-28332278.920060	0.332284	0.550372	0.117344	-23650758.716675	0.327991	0.573268	0.098741	-25835238.204374	0.396108	0.525472	0.078420	-25590616.248119	0.343446	0.544076	0.112479	-25403336.140347	0.390097	0.519748	0.090155	-24960508.823687	0.384659	0.541214	0.074127	-20949851.520121	0.342587	0.613623	0.043789	-21937404.774469	0.431025	0.507441	0.061534	-25004096.060077	0.313108	0.573555	0.113337	-23720787.422474	0.362335	0.554951	0.082713	-23729882.959833	0.380080	0.562679	0.057241	-30194720.337931	0.385232	0.476531	0.138237	-24601811.447438	0.375787	0.531769	0.092444	-22894976.607215	0.392673	0.556955	0.050372	-19897248.687202	0.400973	0.552662	0.046365	-23037540.544572	0.360618	0.566686	0.072696	-23559398.395163	0.361191	0.567831	0.070979	-22150083.905135	0.349742	0.561248	0.089010	-27088577.203984	0.322267	0.580710	0.097023	-24264388.202157	0.359760	0.570693	0.069548	-23293471.114487	0.362908	0.553807	0.083286	-25820149.976925	0.367201	0.529479	0.103320	-21130386.923278	0.392387	0.542358	0.065255	-24925305.463538	0.355180	0