Training began at: 2018-01-01
Training completed at: 
A2C algorithm
Number of Products 4
State Setting: INV_BALANCE_PRODUCTION
Reward function: OTD1
Planning Time Horizon = 7
Random seed: 
==============================================================================
Episode Results: 
total_reward	on_time	late	not_shipped	
0.251290	0.233257	0.259874	0.506869	0.284029	0.284201	0.259874	0.455924	0.298298	0.273612	0.315112	0.411276	0.356074	0.339153	0.223812	0.437035	0.263715	0.242988	0.316543	0.440469	0.324299	0.283343	0.291070	0.425587	0.365630	0.345736	0.228964	0.425301	0.264732	0.245850	0.386949	0.367201	0.283860	0.259588	0.342587	0.397825	0.255193	0.233257	0.334574	0.432169	0.230904	0.225529	0.400687	0.373784	0.262996	0.269605	0.339725	0.390670	0.191697	0.172295	0.412135	0.415570	0.205760	0.199485	0.353177	0.447338	0.178544	0.158844	0.437607	0.403549	0.249222	0.259588	0.247281	0.493131	0.164815	0.135089	0.541214	0.323698	0.248613	0.256153	0.313394	0.430452	0.247004	0.252147	0.312536	0.435318	0.196993	0.178878	0.477390	0.343732	0.271983	0.271895	0.379222	0.348884	0.102389	0.084144	0.578706	0.337149	0.151039	0.141099	0.480824	0.378077	0.191359	0.194906	0.476817	0.328277	0.130815	0.104465	0.519176	0.376359	0.192261	0.203778	0.414139	0.382084	0.199851	0.184030	0.511734	0.304236	0.237416	0.245564	0.408701	0.345736	0.133492	0.103320	0.520893	0.375787	0.168963	0.160847	0.417001	0.422152	0.167177	0.144247	0.449628	0.406125	0.179164	0.162564	0.439038	0.398397	0.184349	0.182313	0.451345	0.366342	0.214953	0.198054	0.443045	0.358901	0.183062	0.167144	0.498855	0.334001	0.175145	0.146251	0.484259	0.369491	0.245293	0.216371	0.439325	0.344305	0.189524	0.179737	0.466514	0.353749	0.147936	0.124213	0.502862	0.372925	0.245285	0.237836	0.473097	0.289067	0.236737	0.246709	0.151116	0.602175	0.235059	0.251288	0.120492	0.628220	0.227041	0.222667	0.181454	0.595879	0.225840	0.228678	0.188609	0.582713	0.199893	0.188609	0.216943	0.594448	0.297167	0.328563	0.063824	0.607613	0.229452	0.238122	0.162564	0.599313	0.224778	0.232398	0.172009	0.595592	0.245277	0.248426	0.172295	0.579279	0.241295	0.258729	0.119061	0.622210	0.265674	0.289926	0.034917	0.675157	0.271014	0.285633	0.024327	0.690040	0.267778	0.298512	0.024900	0.676588	0.253276	0.284488	0.020321	0.695192	0.273287	0.302232	0.045793	0.651975	0.251564	0.277905	0.061534	0.660561	0.243920	0.272467	0.020034	0.707499	0.289953	0.318832	0.030338	0.650830	0.259255	0.281053	0.086148	0.632799	0.265295	0.293646	0.043789	0.662564	0.254376	0.281053	0.022038	0.696909	0.251666	0.275902	0.011734	0.712364	0.254061	0.279908	0.014596	0.705495	0.262177	0.287636	0.037493	0.674871	0.256533	0.277619	0.032627	0.689754	0.261576	0.287636	0.021179	0.691185	0.271115	0.292788	0.018603	0.688609	0.273589	0.297367	0.020893	0.681740	0.264999	0.295936	0.044362	0.659702	0.262523	0.285633	0.014596	0.699771	