Training began at: 2018-01-01
Training completed at: 
A2C algorithm
Number of Products 6
State Setting: INV_BALANCE_PRODUCTION
Reward function: OTD1
Planning Time Horizon = 7
Random seed: 
==============================================================================
Episode Results: 
total_reward	on_time	late	not_shipped	
0.452989	0.479452	0.506849	0.013699	0.457608	0.473973	0.484932	0.041096	0.472005	0.471074	0.468320	0.060606	0.648779	0.672131	0.314208	0.013661	0.612813	0.655647	0.336088	0.008264	0.901323	0.903846	0.087912	0.008242	0.553567	0.573370	0.290761	0.135870	0.880401	0.879452	0.109589	0.010959	0.529458	0.570248	0.283747	0.146006	0.803245	0.819672	0.166667	0.013661	0.633898	0.681319	0.310440	0.008242	0.931164	0.934247	0.054795	0.010959	0.863637	0.900826	0.057851	0.041322	0.575357	0.600551	0.325069	0.074380	0.724652	0.700272	0.237057	0.062670	0.875697	0.911602	0.074586	0.013812	0.688082	0.675824	0.255495	0.068681	0.784405	0.804945	0.173077	0.021978	0.509418	0.505464	0.390710	0.103825	0.784982	0.794521	0.191781	0.013699	0.809630	0.859504	0.134986	0.005510	0.899074	0.903581	0.082645	0.013774	0.643514	0.687845	0.218232	0.093923	0.818607	0.808743	0.142077	0.049180	0.665913	0.674033	0.110497	0.215470	0.664228	0.689373	0.111717	0.198910	0.669696	0.694215	0.123967	0.181818	0.675745	0.721763	0.231405	0.046832	0.587257	0.619835	0.190083	0.190083	0.596601	0.627072	0.182320	0.190608	0.536821	0.560773	0.071823	0.367403	0.630807	0.626374	0.057692	0.315934	0.500547	0.522099	0.027624	0.450276	0.582103	0.577348	0.044199	0.378453	0.632685	0.612637	0.027473	0.359890	0.723391	0.704110	0.063014	0.232877	0.615860	0.641873	0.052342	0.305785	0.603968	0.599448	0.080110	0.320442	0.567209	0.579235	0.092896	0.327869	0.514683	0.531507	0.032877	0.435616	0.256521	0.230137	0.071233	0.698630	0.242691	0.220386	0.011019	0.768595	0.249806	0.235616	0.035616	0.728767	0.302235	0.288043	0.029891	0.682065	0.237698	0.210959	0.060274	0.728767	0.311011	0.315789	0.038781	0.645429	0.402209	0.357923	0.079235	0.562842	0.228770	0.205962	0.073171	0.720867	0.273161	0.252747	0.046703	0.700549	0.160198	0.132231	0.046832	0.820937	0.120388	0.118132	0.016484	0.865385	0.084810	0.082418	0.005495	0.912088	0.102139	0.103542	0.013624	0.882834	0.100970	0.093923	0.016575	0.889503	0.125238	0.118457	0.046832	0.834711	0.082879	0.096154	0.032967	0.870879	0.104008	0.089674	0.005435	0.904891	0.059392	0.063014	0.008219	0.928767	0.150979	0.137741	0.027548	0.834711	0.133638	0.122951	0.040984	0.836066	